double a_19[19][20][20]={{
{0.10417875, 0.05644729, 0.03450117, 0.05388927, 0.01278481, 0.06805980, 0.03977346, 0.07508802, 0.02091452, 0.05701245, 0.10235485, 0.05491588, 0.02352305, 0.03598121, 0.04176559, 0.06111409, 0.05101419, 0.01016742, 0.02583270, 0.07068147},
{0.08001263, 0.06864220, 0.03838267, 0.05534925, 0.01324463, 0.07145489, 0.04229760, 0.06620378, 0.02484132, 0.05882702, 0.09861623, 0.05671977, 0.02232889, 0.04110068, 0.04464735, 0.05973106, 0.04740876, 0.01151116, 0.03146954, 0.06721056},
{0.07356641, 0.04844391, 0.05540666, 0.05027075, 0.01420471, 0.06077987, 0.03848505, 0.07026854, 0.02200481, 0.06775277, 0.09420869, 0.05909024, 0.02176484, 0.04077567, 0.05576021, 0.06518121, 0.05076763, 0.01170322, 0.03291378, 0.06665103},
{0.08144446, 0.05068971, 0.03757052, 0.05756717, 0.01318245, 0.07347490, 0.03258912, 0.07089099, 0.02068776, 0.06679293, 0.09985210, 0.05405367, 0.02186073, 0.04346055, 0.04713342, 0.05989579, 0.04864147, 0.01288279, 0.03431429, 0.07301518},
{0.06810454, 0.05669776, 0.04115328, 0.05479304, 0.02270439, 0.05850551, 0.03901454, 0.08846051, 0.02824935, 0.05311172, 0.09115014, 0.05134599, 0.01808451, 0.04061064, 0.05453193, 0.07435429, 0.05135699, 0.01247595, 0.03240983, 0.06288509},
{0.08596984, 0.05915764, 0.04369940, 0.05519884, 0.01147617, 0.08511739, 0.04222523, 0.06165296, 0.02125900, 0.06418464, 0.09687906, 0.07007699, 0.02391154, 0.03469782, 0.03510642, 0.05287414, 0.05032860, 0.01025179, 0.02715901, 0.06877352},
{0.08857296, 0.06038095, 0.03905390, 0.04577023, 0.01265241, 0.06655645, 0.06065618, 0.06412510, 0.02437830, 0.05779600, 0.10130775, 0.05801737, 0.02342862, 0.03565331, 0.04743181, 0.05756609, 0.04973960, 0.01156443, 0.02804034, 0.06730818},
{0.07901320, 0.05635751, 0.03631777, 0.05332733, 0.01436743, 0.06294287, 0.03664094, 0.08083624, 0.02422461, 0.06243835, 0.09175782, 0.06159793, 0.02379211, 0.04188441, 0.03862660, 0.06545886, 0.05432945, 0.01225775, 0.03167878, 0.07215004},
{0.07326736, 0.05711385, 0.03837563, 0.04675769, 0.01700101, 0.05321236, 0.04192878, 0.07615560, 0.03312084, 0.06018563, 0.10291971, 0.04647337, 0.02025988, 0.04464819, 0.06086453, 0.06478832, 0.05204544, 0.01186407, 0.03499725, 0.06402049},
{0.08357803, 0.05227061, 0.04555509, 0.06303354, 0.01487720, 0.07032758, 0.03560887, 0.06917760, 0.02254781, 0.06064237, 0.08873604, 0.05898558, 0.01899842, 0.03692031, 0.04892782, 0.06758959, 0.05683463, 0.00937640, 0.02939677, 0.06661572},
{0.08752629, 0.05793947, 0.04110850, 0.05667007, 0.01365092, 0.06791818, 0.04061043, 0.06870093, 0.02333960, 0.05315993, 0.09638234, 0.05967882, 0.02060928, 0.03695377, 0.05112948, 0.06933059, 0.05431183, 0.00999004, 0.02651468, 0.06447486},
{0.08023361, 0.05610387, 0.04602698, 0.05587264, 0.01156189, 0.07867021, 0.03968360, 0.06261676, 0.02088516, 0.06196604, 0.09214018, 0.07504242, 0.02129721, 0.03247240, 0.04423961, 0.05960380, 0.05391171, 0.00959097, 0.03065855, 0.06742238},
{0.08891169, 0.05438532, 0.04207072, 0.05613389, 0.01225620, 0.06597414, 0.03956517, 0.07376608, 0.02249653, 0.05639870, 0.09646353, 0.05931531, 0.02772976, 0.03528360, 0.04847798, 0.06066505, 0.05334681, 0.00870690, 0.02592878, 0.07212383},
{0.07428547, 0.04933545, 0.04336810, 0.06243246, 0.01678313, 0.06291184, 0.03510996, 0.07518626, 0.02389271, 0.05975143, 0.09436755, 0.05264508, 0.02057003, 0.04322969, 0.04344755, 0.07502483, 0.05593295, 0.01196082, 0.03286396, 0.06690075},
{0.08092409, 0.04807604, 0.03724544, 0.05516045, 0.01233054, 0.07735157, 0.04062766, 0.07666338, 0.02323257, 0.05040772, 0.09052924, 0.04952820, 0.01975135, 0.03907110, 0.05819376, 0.07066361, 0.05421799, 0.01127817, 0.03005559, 0.07469152},
{0.07403785, 0.05309826, 0.04036303, 0.05249346, 0.01459033, 0.05946239, 0.03908351, 0.07707881, 0.02311652, 0.05646362, 0.09712025, 0.05383998, 0.02085008, 0.04083822, 0.05032484, 0.08580552, 0.05509584, 0.01157661, 0.02934456, 0.06541634},
{0.08096708, 0.04943371, 0.03794792, 0.05218722, 0.01442476, 0.05953444, 0.03519654, 0.07805907, 0.02268937, 0.05967417, 0.10143761, 0.04975318, 0.02049925, 0.03945966, 0.05745899, 0.06736826, 0.06004070, 0.01124096, 0.02823082, 0.07439630},
{0.07121546, 0.06069313, 0.04544737, 0.05629918, 0.01559947, 0.05826216, 0.04835672, 0.06340163, 0.02493204, 0.05838039, 0.11054830, 0.05687748, 0.02495430, 0.04236092, 0.03857397, 0.06287675, 0.04994917, 0.01581516, 0.03088678, 0.06456962},
{0.07082419, 0.05818708, 0.04381903, 0.05820838, 0.01648185, 0.06177381, 0.04242029, 0.07550300, 0.02527662, 0.05716736, 0.09680046, 0.05279486, 0.01969471, 0.04478696, 0.04512613, 0.06607194, 0.05258276, 0.01228344, 0.03507201, 0.06512512},
{0.08530934, 0.05353159, 0.03969732, 0.05882062, 0.01435294, 0.06966044, 0.03460020, 0.06647409, 0.02090275, 0.06090921, 0.09515511, 0.05670819, 0.02217581, 0.03749645, 0.04796868, 0.06524320, 0.05772168, 0.01025743, 0.02738860, 0.07562636}
},{
{0.10442244, 0.06008151, 0.03517901, 0.04943483, 0.01306915, 0.06734523, 0.03996623, 0.07515903, 0.02180075, 0.05769089, 0.10045730, 0.05622537, 0.02264208, 0.03553395, 0.04179864, 0.06027809, 0.05043951, 0.00997088, 0.02704875, 0.07145639},
{0.08527727, 0.06871734, 0.03490058, 0.04725627, 0.01346168, 0.06244194, 0.03951492, 0.07444328, 0.02472920, 0.06062705, 0.10864482, 0.05451347, 0.02323616, 0.03990374, 0.04361714, 0.05815172, 0.04773866, 0.01258496, 0.03066630, 0.06957347},
{0.06870006, 0.04800440, 0.05547577, 0.05557904, 0.01331339, 0.06316476, 0.03807744, 0.06038055, 0.02190075, 0.06852560, 0.10121548, 0.06073308, 0.02111806, 0.04176777, 0.04783608, 0.06707084, 0.05677798, 0.01109678, 0.03243206, 0.06683011},
{0.07976004, 0.04885722, 0.03872243, 0.06113866, 0.01304140, 0.06934233, 0.03542192, 0.05874173, 0.02049583, 0.06928379, 0.10602562, 0.05429288, 0.02195396, 0.04118547, 0.04470536, 0.06320308, 0.05062749, 0.01116881, 0.03153863, 0.08049334},
{0.07554814, 0.05444097, 0.04460447, 0.05352936, 0.02476853, 0.06418051, 0.03906140, 0.07265274, 0.02557021, 0.05575931, 0.08666844, 0.05804265, 0.02049747, 0.03933975, 0.05051776, 0.07069015, 0.05214860, 0.01130246, 0.03036774, 0.07030933},
{0.08339522, 0.05239463, 0.03469619, 0.05110934, 0.01359219, 0.07661456, 0.03740946, 0.06748516, 0.01927989, 0.06858666, 0.11206806, 0.05901631, 0.02490513, 0.04146888, 0.03923708, 0.05497460, 0.04767450, 0.01092503, 0.03062832, 0.07453878},
{0.08189335, 0.05614935, 0.03699948, 0.04601593, 0.01308639, 0.06431472, 0.05533354, 0.06519186, 0.02305317, 0.06340932, 0.11426262, 0.05441216, 0.02364528, 0.03908454, 0.04484866, 0.05950933, 0.04732034, 0.01155829, 0.02952491, 0.07038675},
{0.07948347, 0.05365700, 0.03706063, 0.05495891, 0.01423610, 0.05748410, 0.03300354, 0.08412941, 0.02117473, 0.06164121, 0.08935096, 0.05377733, 0.02240700, 0.03799303, 0.05445211, 0.06742969, 0.06030338, 0.01104276, 0.02983013, 0.07658451},
{0.07608321, 0.05488190, 0.04018417, 0.05960247, 0.01470009, 0.06165112, 0.03929503, 0.07304700, 0.03244826, 0.05927708, 0.10232836, 0.05004985, 0.02111096, 0.04112217, 0.04956911, 0.06297760, 0.04952595, 0.01209813, 0.03062729, 0.06942024},
{0.08310478, 0.05644636, 0.04811840, 0.06129710, 0.01306292, 0.07481215, 0.04113888, 0.07358846, 0.02383963, 0.05332215, 0.08062408, 0.06288799, 0.01941934, 0.03655183, 0.04601122, 0.06789734, 0.05628308, 0.00957645, 0.02852022, 0.06349763},
{0.08630239, 0.05916322, 0.04432556, 0.06158279, 0.01318074, 0.07757835, 0.04430455, 0.07135131, 0.02413604, 0.04992995, 0.08776169, 0.06310900, 0.01973876, 0.03488757, 0.04752800, 0.06660131, 0.05073174, 0.01055234, 0.02672535, 0.06050932},
{0.07635874, 0.05276422, 0.04110867, 0.04825514, 0.01301706, 0.06551796, 0.03697374, 0.06834152, 0.02134885, 0.06959427, 0.10541628, 0.07177904, 0.02302371, 0.04201606, 0.03980070, 0.05956741, 0.05054574, 0.01114988, 0.03326970, 0.07015129},
{0.08387296, 0.05813578, 0.04092816, 0.05785574, 0.01353922, 0.07507135, 0.04268773, 0.07139247, 0.02396113, 0.05418934, 0.08907904, 0.06041349, 0.02568052, 0.03975236, 0.04424888, 0.06254893, 0.05116762, 0.01109354, 0.02994393, 0.06443779},
{0.07558501, 0.05490221, 0.04764437, 0.06206311, 0.01467532, 0.06923594, 0.04134777, 0.07407413, 0.02514179, 0.05385624, 0.08462350, 0.06092539, 0.01990589, 0.03984882, 0.04955058, 0.06840657, 0.05405531, 0.01129247, 0.02986564, 0.06299994},
{0.07957972, 0.05006259, 0.03622430, 0.05230631, 0.01413818, 0.06116114, 0.03802260, 0.07408129, 0.02471477, 0.05639608, 0.09321545, 0.04817821, 0.02200819, 0.03964049, 0.06733085, 0.07096074, 0.05896345, 0.01223303, 0.03031213, 0.07047045},
{0.07681924, 0.05101049, 0.04105884, 0.05339087, 0.01443237, 0.06452798, 0.03737099, 0.06931483, 0.02178605, 0.05919907, 0.09910949, 0.05337775, 0.02105039, 0.03984780, 0.05056642, 0.08494611, 0.05546937, 0.01137638, 0.03019239, 0.06515318},
{0.08289707, 0.05328634, 0.04079984, 0.05485377, 0.01346557, 0.07139789, 0.03773035, 0.06787782, 0.02286629, 0.05723032, 0.09371461, 0.05715772, 0.02105976, 0.03787464, 0.04958623, 0.07011599, 0.06380044, 0.01051512, 0.02828677, 0.06548344},
{0.07594468, 0.06024148, 0.04379894, 0.05928440, 0.01577496, 0.06844394, 0.04403994, 0.07217031, 0.02475982, 0.05004073, 0.08750286, 0.06139106, 0.02141648, 0.03922980, 0.05163916, 0.06505557, 0.05222508, 0.01648955, 0.02946652, 0.06108473},
{0.07303166, 0.05616003, 0.04709069, 0.06094962, 0.01667658, 0.06550449, 0.04135509, 0.07110730, 0.02664859, 0.05685976, 0.08954681, 0.05992628, 0.02044394, 0.04013157, 0.04882001, 0.06497317, 0.05340793, 0.01151987, 0.03320147, 0.06264513},
{0.08974234, 0.05568408, 0.04077841, 0.06086331, 0.01394333, 0.07211792, 0.03744876, 0.07633427, 0.02254003, 0.05438154, 0.08632581, 0.05575814, 0.02088480, 0.03702869, 0.04602220, 0.06514822, 0.05430143, 0.00979837, 0.02728897, 0.07360938}
},{
{0.10341812, 0.05787782, 0.03637791, 0.05254192, 0.01265004, 0.06739171, 0.03953198, 0.07335319, 0.02230251, 0.05785472, 0.09997995, 0.05329131, 0.02232889, 0.03615961, 0.04558663, 0.06036858, 0.05145507, 0.01015371, 0.02691547, 0.07046087},
{0.08580676, 0.06808146, 0.03642573, 0.05644963, 0.01236040, 0.07107564, 0.04144121, 0.07297647, 0.02253785, 0.05512843, 0.09819741, 0.05656075, 0.02164782, 0.03805861, 0.04429738, 0.06331482, 0.04946693, 0.01103664, 0.02819994, 0.06693610},
{0.06822642, 0.05158590, 0.05565075, 0.05454137, 0.01318929, 0.06315775, 0.03805826, 0.06367983, 0.02176692, 0.06707320, 0.09755311, 0.06374919, 0.02031825, 0.04163604, 0.04357686, 0.06742157, 0.05508470, 0.01103827, 0.03273489, 0.06995744},
{0.07912219, 0.06076507, 0.04064751, 0.05847950, 0.01213879, 0.06874374, 0.03599689, 0.06658695, 0.02183540, 0.06332304, 0.09286274, 0.06501038, 0.02024663, 0.03873577, 0.04227140, 0.06238522, 0.05634632, 0.01084170, 0.03032858, 0.07333219},
{0.07395267, 0.04738716, 0.04132809, 0.05175756, 0.05274006, 0.05478670, 0.03364043, 0.07515184, 0.02605836, 0.05617664, 0.09563120, 0.04835670, 0.02166401, 0.03969322, 0.05106436, 0.06676587, 0.05376181, 0.01208476, 0.03214726, 0.06585128},
{0.08308942, 0.06767510, 0.03880589, 0.05796369, 0.01149147, 0.08490444, 0.04285534, 0.06330570, 0.02012586, 0.05608632, 0.09033737, 0.07657978, 0.01944956, 0.03523404, 0.04276977, 0.05977009, 0.04861142, 0.00978852, 0.02718502, 0.06397121},
{0.08262358, 0.05796473, 0.04040992, 0.05391150, 0.01269612, 0.07238934, 0.05677872, 0.06449196, 0.02306391, 0.05705479, 0.09767572, 0.05840757, 0.02098796, 0.03673585, 0.04631003, 0.06490930, 0.05012662, 0.01085626, 0.02792040, 0.06468575},
{0.08323221, 0.05151996, 0.03423960, 0.04831486, 0.01405762, 0.05576728, 0.03222512, 0.08412757, 0.02326181, 0.06504752, 0.09526037, 0.04855414, 0.02198327, 0.04171255, 0.05140298, 0.06419879, 0.05743006, 0.01104472, 0.03081660, 0.08580298},
{0.07470985, 0.05782063, 0.04258419, 0.05492956, 0.01573393, 0.06562191, 0.04116807, 0.07050912, 0.03212566, 0.05554207, 0.09356581, 0.05273020, 0.02142216, 0.04047067, 0.04992474, 0.06628208, 0.05501991, 0.01187396, 0.03134100, 0.06662449},
{0.08286601, 0.04775121, 0.04583374, 0.05685879, 0.01375617, 0.06536082, 0.03600650, 0.07750673, 0.02306141, 0.06529329, 0.09969712, 0.05573666, 0.02287390, 0.03975937, 0.04329059, 0.06383392, 0.05340774, 0.01083168, 0.02991072, 0.06636362},
{0.08718647, 0.05414396, 0.03993865, 0.05363773, 0.01400811, 0.06785024, 0.04032049, 0.07057331, 0.02442304, 0.05845887, 0.10809421, 0.05568653, 0.02338856, 0.03901983, 0.04433082, 0.06379515, 0.04988400, 0.01141011, 0.02994171, 0.06390822},
{0.07377898, 0.05340103, 0.04382717, 0.05802067, 0.01149851, 0.08185847, 0.04132713, 0.06620057, 0.02040962, 0.06224000, 0.09290023, 0.07682180, 0.01929550, 0.03810136, 0.04255715, 0.06316361, 0.04928636, 0.00956006, 0.02906205, 0.06668974},
{0.08767007, 0.05257548, 0.04080157, 0.05464447, 0.01443196, 0.06486807, 0.03778434, 0.07282626, 0.02372454, 0.05805783, 0.10053276, 0.05347756, 0.02797608, 0.04035578, 0.04281689, 0.06382073, 0.05219483, 0.01163737, 0.03114956, 0.06865385},
{0.07681014, 0.05087504, 0.04401130, 0.05807284, 0.01403179, 0.06542117, 0.03713508, 0.06998161, 0.02449758, 0.05816936, 0.09889330, 0.05504026, 0.02402618, 0.04475082, 0.04873196, 0.06694553, 0.05255162, 0.01313191, 0.03229291, 0.06462960},
{0.08091199, 0.05542615, 0.03376060, 0.04953271, 0.01463383, 0.06289732, 0.03994740, 0.06619150, 0.02235072, 0.05912949, 0.09299120, 0.05200400, 0.02137966, 0.03794068, 0.06803387, 0.06882222, 0.05774871, 0.01174042, 0.02915772, 0.07539980},
{0.07566668, 0.05204323, 0.04315930, 0.05722191, 0.01377509, 0.06919097, 0.04083323, 0.06837802, 0.02263743, 0.05555539, 0.09179327, 0.05499532, 0.02029042, 0.03841231, 0.05149047, 0.08319760, 0.05639517, 0.01083579, 0.02921006, 0.06491834},
{0.08135019, 0.05200000, 0.04253225, 0.05689512, 0.01351779, 0.06872225, 0.04152312, 0.07306915, 0.02312944, 0.05719401, 0.08904932, 0.05405123, 0.02107709, 0.03776942, 0.05039156, 0.06928899, 0.06064567, 0.01091753, 0.02899044, 0.06788542},
{0.07732014, 0.05700020, 0.04338690, 0.05860692, 0.01372174, 0.06530118, 0.03929607, 0.07620360, 0.02443255, 0.04893937, 0.09303679, 0.05312328, 0.02242477, 0.04237236, 0.05374121, 0.06588494, 0.05015245, 0.01679803, 0.03228889, 0.06596862},
{0.07201138, 0.05264886, 0.04539428, 0.06002951, 0.01408464, 0.06764852, 0.03972643, 0.06834283, 0.02369027, 0.05934127, 0.09328315, 0.05846870, 0.02303658, 0.04108877, 0.04919919, 0.06660412, 0.05272384, 0.01164555, 0.03558907, 0.06544302},
{0.08889161, 0.05008263, 0.04032698, 0.05727788, 0.01391820, 0.06474026, 0.03524746, 0.08045969, 0.02311863, 0.05878999, 0.09604073, 0.05217770, 0.02322778, 0.03706905, 0.04693110, 0.06434347, 0.05465235, 0.01082813, 0.02869120, 0.07318514}
},{
{0.11486790, 0.05679788, 0.03399959, 0.05168972, 0.01246498, 0.06487225, 0.03757402, 0.08113672, 0.02180473, 0.05385548, 0.09660836, 0.05226674, 0.02098317, 0.03510497, 0.04544726, 0.06144910, 0.05067268, 0.01048722, 0.02720910, 0.07070812},
{0.08266475, 0.06758263, 0.03636352, 0.05599246, 0.01291386, 0.07900378, 0.04162285, 0.06864005, 0.02244782, 0.05720313, 0.09655769, 0.05516968, 0.02141395, 0.03605152, 0.04793033, 0.06265245, 0.04945418, 0.01108629, 0.02810833, 0.06714074},
{0.07308229, 0.05073588, 0.05550311, 0.05262994, 0.01334154, 0.06474830, 0.03980729, 0.06204596, 0.02256294, 0.06671828, 0.09238162, 0.06241849, 0.02182791, 0.04113393, 0.04269209, 0.06947529, 0.05559266, 0.01146219, 0.03252579, 0.06931449},
{0.08489787, 0.05993293, 0.04100108, 0.05810780, 0.01288134, 0.07139665, 0.03917556, 0.06123958, 0.02207051, 0.06226452, 0.09397924, 0.06019733, 0.02121416, 0.04005188, 0.04309179, 0.06198055, 0.05156105, 0.01118349, 0.03098713, 0.07278554},
{0.07156418, 0.04884911, 0.04334233, 0.05342330, 0.02832944, 0.05800653, 0.03624760, 0.09186906, 0.02707330, 0.05436806, 0.09475870, 0.04975028, 0.02146050, 0.04753446, 0.04757883, 0.06748083, 0.05152828, 0.01245897, 0.03171307, 0.06266318},
{0.08305821, 0.06566797, 0.04000320, 0.05562580, 0.01113801, 0.08407463, 0.04524309, 0.05838070, 0.02172710, 0.05630128, 0.09272724, 0.07530951, 0.01947054, 0.03511239, 0.04205753, 0.06100655, 0.04988940, 0.01010281, 0.02827480, 0.06482925},
{0.07973539, 0.05547464, 0.04205031, 0.06110425, 0.01188052, 0.07797874, 0.05666954, 0.06171286, 0.02370466, 0.05502110, 0.09541360, 0.05800422, 0.02075159, 0.03609413, 0.04573303, 0.06421281, 0.05139573, 0.01206579, 0.02755970, 0.06343740},
{0.08962191, 0.05572922, 0.03608329, 0.05255084, 0.01390437, 0.05994784, 0.03438756, 0.08398860, 0.02207919, 0.05860126, 0.09269166, 0.04827627, 0.02093633, 0.03985751, 0.04966375, 0.06694735, 0.05676945, 0.01116027, 0.03013618, 0.07666715},
{0.07537425, 0.05403977, 0.03871114, 0.05375549, 0.01441819, 0.06474672, 0.04125634, 0.06671224, 0.03486428, 0.05896470, 0.09881294, 0.05451491, 0.02274400, 0.03918651, 0.04947072, 0.06439653, 0.05416021, 0.01105738, 0.03045930, 0.07235437},
{0.07452520, 0.04993008, 0.04529400, 0.05683004, 0.01470590, 0.06394289, 0.03554191, 0.07362755, 0.02334059, 0.06749752, 0.10155720, 0.05982415, 0.02397220, 0.03988286, 0.04299892, 0.06316362, 0.05513382, 0.00992060, 0.02941573, 0.06889523},
{0.07992783, 0.05247037, 0.03986018, 0.05528885, 0.01456276, 0.06484136, 0.03936067, 0.07820715, 0.02313971, 0.05993968, 0.10635260, 0.05376798, 0.02289606, 0.04024330, 0.04797100, 0.06253342, 0.05038999, 0.01079169, 0.02993728, 0.06751812},
{0.07333664, 0.05112028, 0.04260578, 0.05942552, 0.01309025, 0.08676822, 0.04011929, 0.05956980, 0.02026285, 0.06439631, 0.09161472, 0.07503930, 0.01979335, 0.03788537, 0.04261752, 0.06381019, 0.05183458, 0.01017415, 0.02933534, 0.06720053},
{0.08193200, 0.05215488, 0.04085095, 0.05542080, 0.01399883, 0.06585622, 0.03871110, 0.08157311, 0.02406188, 0.05858265, 0.09846774, 0.05441277, 0.02820955, 0.04092682, 0.04517356, 0.06208491, 0.04980714, 0.01136957, 0.03035987, 0.06604564},
{0.07196552, 0.05033777, 0.04342410, 0.05626312, 0.01685846, 0.06084783, 0.03650230, 0.07309507, 0.02434020, 0.05840595, 0.10022612, 0.05641026, 0.02366594, 0.04776867, 0.04705725, 0.06596456, 0.05377791, 0.01205171, 0.03332193, 0.06771534},
{0.08594147, 0.05651657, 0.03621417, 0.05100610, 0.01273382, 0.06628076, 0.04031122, 0.07172524, 0.02292554, 0.05475642, 0.08780240, 0.05412092, 0.01971614, 0.03710550, 0.06759262, 0.06924661, 0.05556912, 0.01176101, 0.02910135, 0.06957302},
{0.08043062, 0.05375613, 0.04265447, 0.05255475, 0.01354003, 0.06222730, 0.03921240, 0.06729932, 0.02257752, 0.05749709, 0.09365748, 0.05708836, 0.02083805, 0.03917978, 0.05012452, 0.08496065, 0.05642291, 0.01105791, 0.02953762, 0.06538309},
{0.08217868, 0.05188239, 0.04191164, 0.05227457, 0.01375579, 0.06364953, 0.03760329, 0.06634603, 0.02275276, 0.06310719, 0.09838611, 0.05484300, 0.02362339, 0.03823179, 0.04946249, 0.06785106, 0.05974780, 0.01157374, 0.02910470, 0.07171402},
{0.07299684, 0.06118552, 0.04510943, 0.05476657, 0.01761769, 0.06265531, 0.04314789, 0.07844368, 0.02754373, 0.05109556, 0.08940671, 0.05360134, 0.02191564, 0.04188757, 0.04846251, 0.06551566, 0.05432237, 0.01613601, 0.03256569, 0.06162428},
{0.06728817, 0.05435249, 0.04569519, 0.05820366, 0.01621624, 0.06396257, 0.04012047, 0.06903949, 0.02400901, 0.06050167, 0.09521526, 0.06320300, 0.02302407, 0.04008058, 0.04678694, 0.06435963, 0.05303189, 0.01235185, 0.03492775, 0.06763009},
{0.08180440, 0.05208000, 0.04067709, 0.05966217, 0.01475701, 0.06516958, 0.03515915, 0.07972618, 0.02227468, 0.05952414, 0.09967699, 0.05354285, 0.02235638, 0.03692296, 0.04722510, 0.06257327, 0.05567236, 0.00983958, 0.02798022, 0.07337590}
},{
{0.09843467, 0.05647094, 0.03619869, 0.05364950, 0.01236726, 0.06639901, 0.03915712, 0.07582246, 0.02231468, 0.05727624, 0.10108947, 0.05427899, 0.02235383, 0.03615305, 0.04563073, 0.06124844, 0.05136489, 0.01080230, 0.02709631, 0.07189145},
{0.08432339, 0.06621341, 0.03821871, 0.05446063, 0.01378616, 0.07053003, 0.04013567, 0.07173391, 0.02444882, 0.05482476, 0.09865091, 0.05614682, 0.02152169, 0.03659630, 0.04593434, 0.06295922, 0.05165740, 0.01099318, 0.02913450, 0.06773016},
{0.07382537, 0.04986225, 0.05325738, 0.05434265, 0.01418285, 0.06449568, 0.04044045, 0.06013214, 0.02294844, 0.06716721, 0.09749634, 0.05989268, 0.02149174, 0.04191666, 0.04387288, 0.06803000, 0.05479403, 0.01125622, 0.03177393, 0.06882112},
{0.08288772, 0.05580131, 0.03746103, 0.05603216, 0.01395650, 0.07006783, 0.03745346, 0.06500470, 0.02220061, 0.06375458, 0.10093421, 0.05525671, 0.02336270, 0.04025280, 0.04312818, 0.06149443, 0.05326910, 0.01173313, 0.03164300, 0.07430585},
{0.07369640, 0.05444289, 0.04183606, 0.05465132, 0.02969516, 0.06365945, 0.03705977, 0.07630358, 0.02572277, 0.05430747, 0.08961029, 0.05824099, 0.02085307, 0.03685723, 0.05057649, 0.06929184, 0.05451080, 0.01185828, 0.03055362, 0.06627252},
{0.08435364, 0.05512660, 0.03691193, 0.05468393, 0.01374264, 0.07768670, 0.03884387, 0.06131032, 0.02136467, 0.06379402, 0.10638477, 0.06045160, 0.02222347, 0.04047965, 0.04154896, 0.05915804, 0.04923393, 0.01064751, 0.03125367, 0.07080007},
{0.08363150, 0.05537301, 0.03927410, 0.05047450, 0.01309987, 0.06833414, 0.05176467, 0.06299583, 0.02343556, 0.05883626, 0.10343859, 0.05689349, 0.02232510, 0.03868466, 0.04609055, 0.06424049, 0.05182177, 0.01153884, 0.03014486, 0.06760224},
{0.08448725, 0.05383756, 0.03675427, 0.05450307, 0.01442565, 0.06115758, 0.03543996, 0.08007192, 0.02256512, 0.06198622, 0.09637046, 0.04838489, 0.02360315, 0.03994148, 0.04734459, 0.06375720, 0.05549925, 0.01159166, 0.02954270, 0.07873603},
{0.08060663, 0.05518165, 0.03946007, 0.05563492, 0.01448386, 0.06482198, 0.04109559, 0.06840573, 0.03033606, 0.05752814, 0.09437999, 0.05362507, 0.02097902, 0.03846936, 0.05033149, 0.06650374, 0.05692480, 0.01215799, 0.03040007, 0.06867385},
{0.07786156, 0.05259884, 0.04727679, 0.05876851, 0.01301282, 0.06995357, 0.03768912, 0.07888560, 0.02236335, 0.06027233, 0.08826238, 0.06433383, 0.02092410, 0.03871005, 0.04716595, 0.06641292, 0.05312518, 0.00974873, 0.02852296, 0.06411141},
{0.08322019, 0.05696376, 0.04168230, 0.05650026, 0.01311834, 0.06981151, 0.04171043, 0.07396892, 0.02268527, 0.05774995, 0.09417834, 0.05973372, 0.02062054, 0.03796048, 0.04845817, 0.06542986, 0.05177967, 0.01058657, 0.02828943, 0.06555227},
{0.07575198, 0.05364001, 0.04377063, 0.05377546, 0.01308635, 0.07270983, 0.03833230, 0.06242517, 0.02140396, 0.06505119, 0.09714599, 0.07331720, 0.02141819, 0.03916372, 0.04193847, 0.06388483, 0.05170369, 0.01036671, 0.03163901, 0.06947531},
{0.08474688, 0.05572119, 0.04075373, 0.05394615, 0.01319492, 0.06976767, 0.03986571, 0.07721844, 0.02328253, 0.05749398, 0.09346450, 0.05742980, 0.02558573, 0.03943718, 0.04638026, 0.06452572, 0.05161748, 0.01073289, 0.02815739, 0.06667784},
{0.07572372, 0.05257904, 0.04539830, 0.05831157, 0.01416991, 0.06644479, 0.03775171, 0.07390361, 0.02432756, 0.05830961, 0.09251070, 0.05917682, 0.02135963, 0.04335101, 0.04936878, 0.06666145, 0.05340965, 0.01145566, 0.03106123, 0.06472522},
{0.08553704, 0.05479283, 0.03552033, 0.05164952, 0.01397057, 0.06481395, 0.03959945, 0.06916870, 0.02306071, 0.05656002, 0.09435372, 0.05128793, 0.02105931, 0.03733389, 0.06305238, 0.06946913, 0.05517736, 0.01201060, 0.03022943, 0.07135314},
{0.07847544, 0.05295222, 0.04153969, 0.05289694, 0.01467348, 0.06473605, 0.04019671, 0.06578567, 0.02273924, 0.05884899, 0.09867133, 0.05596215, 0.02157016, 0.03888104, 0.04956950, 0.07831159, 0.05628854, 0.01130786, 0.02923590, 0.06735750},
{0.08339278, 0.05429963, 0.04039500, 0.05475082, 0.01356135, 0.06651788, 0.03839129, 0.06980153, 0.02278228, 0.05911240, 0.09694173, 0.05609045, 0.02194490, 0.03832904, 0.04707915, 0.06827596, 0.05916559, 0.01084709, 0.02938568, 0.06893546},
{0.07777350, 0.05487756, 0.04108167, 0.05610909, 0.01539238, 0.06444506, 0.04281135, 0.07689455, 0.02401655, 0.05392680, 0.09514762, 0.05594419, 0.02125489, 0.04202846, 0.05315580, 0.06519675, 0.05263288, 0.01421037, 0.03044060, 0.06265991},
{0.07401588, 0.05456799, 0.04615789, 0.06085681, 0.01528844, 0.06931563, 0.03966625, 0.07374575, 0.02424063, 0.05820429, 0.08912890, 0.06192535, 0.02023087, 0.04057041, 0.04704734, 0.06582184, 0.05195703, 0.01105122, 0.03354091, 0.06266659},
{0.08608422, 0.05620894, 0.04155019, 0.05990322, 0.01294682, 0.06973426, 0.03783699, 0.08339584, 0.02248586, 0.05354609, 0.08808847, 0.05848124, 0.02100364, 0.03604455, 0.04891275, 0.06501744, 0.05348624, 0.01011542, 0.02702613, 0.06813172}
},{
{0.09826506, 0.05717704, 0.03696566, 0.05445232, 0.01211255, 0.06808151, 0.03956607, 0.07461558, 0.02215966, 0.05532470, 0.09753779, 0.05516045, 0.02185064, 0.03616836, 0.04839008, 0.06234455, 0.05277989, 0.01008029, 0.02638365, 0.07058416},
{0.08517008, 0.06445540, 0.03697339, 0.05429395, 0.01380321, 0.06879079, 0.03857606, 0.07337530, 0.02320883, 0.05708888, 0.09784490, 0.05497614, 0.02171776, 0.03763272, 0.04862651, 0.06300919, 0.05074594, 0.01119046, 0.02866501, 0.06985549},
{0.07543564, 0.04845703, 0.05391080, 0.05443661, 0.01412139, 0.06476940, 0.03881793, 0.06449827, 0.02184680, 0.06647857, 0.09651185, 0.06078711, 0.02134814, 0.04175073, 0.04294213, 0.06761914, 0.05367311, 0.01089417, 0.03210441, 0.06959677},
{0.08103686, 0.05632737, 0.03889965, 0.05991864, 0.01389469, 0.06961645, 0.03836064, 0.06777985, 0.02184826, 0.06331741, 0.09966842, 0.05619744, 0.02141626, 0.04037173, 0.04385587, 0.06165677, 0.05169781, 0.01131949, 0.03118165, 0.07163472},
{0.07766221, 0.05433381, 0.04191776, 0.05443426, 0.03006284, 0.06429223, 0.03809653, 0.07534585, 0.02460411, 0.05074096, 0.08756139, 0.05524575, 0.02100852, 0.03900926, 0.05332180, 0.07026658, 0.05431772, 0.01230814, 0.03211590, 0.06335439},
{0.08153385, 0.05631607, 0.03817251, 0.05512163, 0.01332410, 0.07698526, 0.03899471, 0.06627057, 0.02139976, 0.06326611, 0.10383358, 0.06147648, 0.02201791, 0.03872048, 0.04301245, 0.05971271, 0.04903747, 0.01058329, 0.02894794, 0.07127311},
{0.08201725, 0.05614159, 0.03942839, 0.05107237, 0.01389069, 0.06708383, 0.05194736, 0.06689305, 0.02363474, 0.05872227, 0.10372987, 0.05648673, 0.02186656, 0.03807804, 0.04722217, 0.06315128, 0.05115375, 0.01154934, 0.02933175, 0.06659895},
{0.08737302, 0.05349702, 0.03609838, 0.05380141, 0.01532515, 0.06196150, 0.03589189, 0.08356654, 0.02255615, 0.06104713, 0.09457411, 0.05156468, 0.02303864, 0.03814622, 0.04631846, 0.06411437, 0.05444972, 0.01171895, 0.02896179, 0.07599488},
{0.07904868, 0.05584197, 0.04124128, 0.05286798, 0.01623751, 0.06480900, 0.03978912, 0.07101751, 0.02836770, 0.05852891, 0.09739283, 0.05270821, 0.02235357, 0.04004632, 0.04844799, 0.06498039, 0.05299646, 0.01206595, 0.03219128, 0.06906733},
{0.07884712, 0.05324838, 0.04609278, 0.05807487, 0.01227714, 0.07127987, 0.03831718, 0.07312113, 0.02335095, 0.06090819, 0.09170082, 0.06400821, 0.02097703, 0.03869957, 0.04440087, 0.06498435, 0.05343248, 0.01001809, 0.02972000, 0.06654099},
{0.08316211, 0.05646708, 0.04163640, 0.05780254, 0.01263862, 0.07122874, 0.04181565, 0.06892836, 0.02375932, 0.05757137, 0.09622526, 0.05922354, 0.02094756, 0.03717129, 0.04671063, 0.06582745, 0.05275378, 0.01082688, 0.02849659, 0.06680683},
{0.07607222, 0.05269749, 0.04200687, 0.05355697, 0.01375869, 0.07140768, 0.03765095, 0.06671541, 0.02149557, 0.06597729, 0.09748859, 0.07107371, 0.02147638, 0.04081426, 0.04201000, 0.06235171, 0.05031683, 0.01048626, 0.03209654, 0.07054658},
{0.08308877, 0.05693371, 0.04284348, 0.05488980, 0.01280276, 0.06994839, 0.03902679, 0.07429411, 0.02300409, 0.05769715, 0.09337106, 0.05977280, 0.02500577, 0.03777505, 0.04589548, 0.06377791, 0.05247754, 0.01021332, 0.03071144, 0.06647056},
{0.07691924, 0.05432900, 0.04462826, 0.05710521, 0.01319477, 0.06720391, 0.03943861, 0.07046811, 0.02375426, 0.05899210, 0.09341312, 0.05902912, 0.02187971, 0.04256539, 0.04769347, 0.06763216, 0.05349241, 0.01193189, 0.03084089, 0.06548838},
{0.08305622, 0.05372614, 0.03544719, 0.05258893, 0.01537649, 0.06132662, 0.03837410, 0.06762512, 0.02323384, 0.05754577, 0.09846621, 0.04958768, 0.02247054, 0.04032521, 0.06291645, 0.06824260, 0.05678820, 0.01253138, 0.02978831, 0.07058300},
{0.07950095, 0.05405953, 0.04180055, 0.05222860, 0.01417212, 0.06431360, 0.04018915, 0.06750953, 0.02223977, 0.05837954, 0.09750965, 0.05662419, 0.02165653, 0.03927713, 0.04909357, 0.08034569, 0.05580019, 0.01078363, 0.02890724, 0.06560883},
{0.08512136, 0.05321566, 0.04096631, 0.05383661, 0.01378796, 0.06682517, 0.03932979, 0.06996186, 0.02289360, 0.05831374, 0.09476082, 0.05649551, 0.02260372, 0.03844793, 0.04802272, 0.06784379, 0.05939672, 0.01062391, 0.02960319, 0.06794964},
{0.07879300, 0.05463655, 0.03974864, 0.05629670, 0.01483293, 0.06612045, 0.03926278, 0.07411366, 0.02561156, 0.05281246, 0.09590865, 0.05253758, 0.02209909, 0.04229632, 0.05274807, 0.06399672, 0.05522493, 0.01617463, 0.03226902, 0.06451626},
{0.07439509, 0.05479403, 0.04455794, 0.05790207, 0.01433372, 0.06967857, 0.04064042, 0.06999132, 0.02402304, 0.05947302, 0.09145382, 0.06134108, 0.02107045, 0.03950917, 0.04825065, 0.06513259, 0.05299735, 0.01186682, 0.03360307, 0.06498578},
{0.08444660, 0.05573411, 0.04141728, 0.05809712, 0.01294540, 0.06937347, 0.03779106, 0.07998365, 0.02341683, 0.05529191, 0.09047306, 0.05715383, 0.02094050, 0.03678683, 0.04768333, 0.06514492, 0.05495337, 0.01011388, 0.02860774, 0.06964510}
},{
{0.09882848, 0.05631672, 0.03638183, 0.05485526, 0.01217163, 0.06627735, 0.03961368, 0.07630870, 0.02224231, 0.05607032, 0.09762515, 0.05319787, 0.02167690, 0.03647740, 0.04807253, 0.06209931, 0.05298163, 0.01060975, 0.02634792, 0.07184527},
{0.08409782, 0.06722569, 0.03738049, 0.05637170, 0.01347800, 0.06990579, 0.04143815, 0.07398002, 0.02293245, 0.05551139, 0.09518781, 0.05670303, 0.02089716, 0.03620965, 0.04808099, 0.06205554, 0.04948408, 0.01134177, 0.02843077, 0.06928769},
{0.07382774, 0.04939915, 0.05440335, 0.05618113, 0.01433764, 0.06740512, 0.03935476, 0.06542225, 0.02243930, 0.06414565, 0.09472045, 0.06135938, 0.02173303, 0.03998878, 0.04279940, 0.06888375, 0.05388185, 0.01088765, 0.03156122, 0.06726839},
{0.08370503, 0.05701301, 0.04145134, 0.06297837, 0.01323877, 0.07349715, 0.03855869, 0.06647040, 0.02268631, 0.05994512, 0.09233282, 0.05950032, 0.02096514, 0.03818354, 0.04395105, 0.06479449, 0.05296363, 0.01070975, 0.02929365, 0.06776142},
{0.07258799, 0.05444580, 0.04032204, 0.05083933, 0.03172922, 0.05784589, 0.03661395, 0.07160084, 0.02664242, 0.05485973, 0.09468937, 0.05385767, 0.02214925, 0.04652938, 0.04920834, 0.06911492, 0.05294624, 0.01271523, 0.03414451, 0.06715789},
{0.08151572, 0.06053272, 0.04086975, 0.06102906, 0.01212870, 0.08771883, 0.04334008, 0.06375610, 0.02123369, 0.05680587, 0.08883325, 0.06868668, 0.01994915, 0.03550042, 0.04422000, 0.06268556, 0.04949154, 0.00955680, 0.02682096, 0.06532514},
{0.08142415, 0.05699563, 0.04233742, 0.05559410, 0.01292937, 0.07130722, 0.05505443, 0.06577132, 0.02329343, 0.05538201, 0.09318187, 0.05901576, 0.02146842, 0.03583907, 0.04743659, 0.06645243, 0.05220004, 0.01072462, 0.02841799, 0.06517412},
{0.09110029, 0.05373560, 0.03753125, 0.05423459, 0.01426716, 0.06244294, 0.03520058, 0.08240705, 0.02265520, 0.05857654, 0.09235987, 0.04997682, 0.02223600, 0.03834326, 0.04893712, 0.06676844, 0.05654865, 0.01111743, 0.02821949, 0.07334171},
{0.08168606, 0.05720674, 0.04033227, 0.05589676, 0.01460364, 0.06661313, 0.04144386, 0.07007260, 0.02759796, 0.05713114, 0.09661062, 0.05440120, 0.02291906, 0.03897465, 0.04850666, 0.06387609, 0.05160514, 0.01149330, 0.03062297, 0.06840615},
{0.07674363, 0.05159263, 0.04343521, 0.05444687, 0.01284743, 0.06577404, 0.03527541, 0.07531089, 0.02276370, 0.06695694, 0.09770357, 0.06118554, 0.02238647, 0.04036204, 0.04473663, 0.06432949, 0.05407842, 0.01022099, 0.03136392, 0.06848617},
{0.08193983, 0.05495477, 0.03888066, 0.05251566, 0.01361864, 0.06531967, 0.03894262, 0.06940980, 0.02445228, 0.06050599, 0.10699713, 0.05461501, 0.02169803, 0.04079368, 0.04615380, 0.06385683, 0.05219141, 0.01136687, 0.03095436, 0.07083299},
{0.07397472, 0.05373858, 0.04508114, 0.05798963, 0.01363876, 0.07669883, 0.03924633, 0.06575624, 0.02078522, 0.06263099, 0.09047202, 0.07555915, 0.01993504, 0.03835131, 0.04335667, 0.06441599, 0.05118199, 0.00988016, 0.02944627, 0.06786095},
{0.08156958, 0.05283701, 0.04012131, 0.05272476, 0.01386817, 0.06648519, 0.03862809, 0.07284154, 0.02426193, 0.06059483, 0.10206110, 0.05482671, 0.02638313, 0.04050605, 0.04644616, 0.06253928, 0.05352399, 0.01031176, 0.03033404, 0.06913538},
{0.07705596, 0.05079467, 0.04161095, 0.05311640, 0.01495733, 0.06424957, 0.03666126, 0.06928746, 0.02361299, 0.06206567, 0.10208838, 0.05740174, 0.02292550, 0.04482321, 0.04629774, 0.06430580, 0.05261190, 0.01240887, 0.03437318, 0.06935140},
{0.08380318, 0.05493709, 0.03617026, 0.05242897, 0.01476096, 0.06483808, 0.04121897, 0.07289045, 0.02300619, 0.05677045, 0.09487538, 0.05202809, 0.02151532, 0.03696848, 0.06054261, 0.06853876, 0.05487950, 0.01232328, 0.02841139, 0.06909259},
{0.07945252, 0.05388028, 0.04193889, 0.05319388, 0.01418330, 0.06400209, 0.03972784, 0.06642140, 0.02211570, 0.05944081, 0.09765991, 0.05511200, 0.02143129, 0.03928826, 0.04897232, 0.07907706, 0.05586790, 0.01091461, 0.02934030, 0.06797965},
{0.08645818, 0.05274890, 0.04114019, 0.05322059, 0.01429522, 0.06499253, 0.03859892, 0.07081924, 0.02307016, 0.05853568, 0.09791799, 0.05513030, 0.02271027, 0.03851395, 0.04696121, 0.06797144, 0.05855824, 0.01089300, 0.02976930, 0.06769469},
{0.08128878, 0.05363085, 0.03895444, 0.05238581, 0.01834613, 0.06290895, 0.03745475, 0.07076564, 0.02365923, 0.05756712, 0.10222507, 0.05355803, 0.02316726, 0.04197564, 0.04895638, 0.06124824, 0.04979566, 0.01864241, 0.03449995, 0.06896967},
{0.07310930, 0.05279194, 0.04453459, 0.05552880, 0.01442159, 0.06699975, 0.03839319, 0.07016363, 0.02371528, 0.06136233, 0.09615118, 0.06064769, 0.02274136, 0.04126870, 0.04660598, 0.06391892, 0.05283724, 0.01251888, 0.03591247, 0.06637718},
{0.08436345, 0.05477060, 0.03981782, 0.05445019, 0.01289563, 0.06559221, 0.03670489, 0.07990541, 0.02300614, 0.05879406, 0.09611819, 0.05659331, 0.02250616, 0.03837465, 0.04913258, 0.06170960, 0.05459567, 0.01047245, 0.02870752, 0.07148948}
},{
{0.09825010, 0.05638555, 0.03641938, 0.05398765, 0.01280870, 0.06715679, 0.03880890, 0.07503545, 0.02269292, 0.05700430, 0.09770372, 0.05352608, 0.02136779, 0.03661700, 0.04763357, 0.06157844, 0.05201979, 0.01081784, 0.02710174, 0.07308430},
{0.08531006, 0.06642854, 0.03747721, 0.05591654, 0.01358647, 0.07038915, 0.04134731, 0.06946949, 0.02330097, 0.05486447, 0.09652087, 0.05592758, 0.02175180, 0.03672871, 0.04720916, 0.06317582, 0.05152795, 0.01074093, 0.02869647, 0.06963049},
{0.07476828, 0.05129365, 0.05453379, 0.05579087, 0.01492031, 0.06666814, 0.03907339, 0.06530413, 0.02230974, 0.06312531, 0.09462098, 0.06085990, 0.02189811, 0.03934424, 0.04396417, 0.06888350, 0.05471752, 0.01075469, 0.03170417, 0.06546511},
{0.08422647, 0.05599986, 0.04072680, 0.06179399, 0.01329186, 0.07282528, 0.03868872, 0.06735658, 0.02292185, 0.05937410, 0.09565847, 0.05722157, 0.02155913, 0.03722532, 0.04384183, 0.06472048, 0.05294161, 0.01065242, 0.02968754, 0.06928612},
{0.07564184, 0.05369163, 0.04151812, 0.05480177, 0.02563682, 0.06173643, 0.03757732, 0.07335683, 0.02601145, 0.05592878, 0.09300909, 0.05505911, 0.02146261, 0.03944651, 0.05109280, 0.07220707, 0.05403644, 0.01208015, 0.03059480, 0.06511040},
{0.08233694, 0.05714918, 0.04022733, 0.05937473, 0.01336335, 0.08348042, 0.04136912, 0.06360583, 0.02230484, 0.05827157, 0.09413163, 0.06413417, 0.02112514, 0.03549418, 0.04314192, 0.06217383, 0.05168443, 0.01007094, 0.02940052, 0.06715993},
{0.08217399, 0.05606826, 0.04160212, 0.05421426, 0.01335667, 0.07050943, 0.05324005, 0.06384966, 0.02292443, 0.05581926, 0.09700329, 0.05894134, 0.02156540, 0.03656903, 0.04716566, 0.06654136, 0.05257281, 0.01106938, 0.02850288, 0.06631072},
{0.08746341, 0.05573920, 0.03847456, 0.05438575, 0.01421115, 0.06389795, 0.03638366, 0.08070040, 0.02278738, 0.05831344, 0.09551467, 0.05180719, 0.02288979, 0.03773264, 0.04937054, 0.06441708, 0.05514859, 0.01167808, 0.02839676, 0.07068780},
{0.08359588, 0.05604991, 0.03847983, 0.05719276, 0.01758880, 0.06549087, 0.04058091, 0.07316281, 0.02733906, 0.05643244, 0.09516398, 0.05598758, 0.02250529, 0.03866991, 0.04769279, 0.06444117, 0.05280196, 0.01092486, 0.03012864, 0.06577054},
{0.07711532, 0.05097355, 0.04399448, 0.05480638, 0.01305561, 0.06659033, 0.03671725, 0.07424520, 0.02288495, 0.06696056, 0.09604470, 0.06136474, 0.02200940, 0.04135704, 0.04513408, 0.06366606, 0.05351752, 0.01045329, 0.03032773, 0.06878181},
{0.08054458, 0.05471218, 0.03935264, 0.05318627, 0.01321113, 0.06700590, 0.03958933, 0.07252125, 0.02300609, 0.06113098, 0.10307247, 0.05617796, 0.02127514, 0.04033865, 0.04747386, 0.06398741, 0.05138176, 0.01112425, 0.02904970, 0.07185846},
{0.07509427, 0.05344563, 0.04398491, 0.05725742, 0.01319464, 0.07557738, 0.03940791, 0.06512325, 0.02125358, 0.06259534, 0.09195180, 0.07434038, 0.02098203, 0.03867560, 0.04303125, 0.06525247, 0.05188336, 0.00979056, 0.03016702, 0.06699121},
{0.08287080, 0.05441855, 0.04029297, 0.05250837, 0.01274816, 0.06468026, 0.03826449, 0.07393448, 0.02313993, 0.06249145, 0.09732803, 0.05651006, 0.02536926, 0.04103758, 0.04640067, 0.06390113, 0.05218322, 0.01082423, 0.03089943, 0.07019692},
{0.07660574, 0.05187382, 0.04144751, 0.05392130, 0.01400902, 0.06227110, 0.03683285, 0.07119963, 0.02320455, 0.06322732, 0.10058463, 0.05630267, 0.02272426, 0.04643756, 0.04674718, 0.06458839, 0.05331692, 0.01215968, 0.03270268, 0.06984319},
{0.08499315, 0.05548719, 0.03869159, 0.05412915, 0.01433523, 0.06598566, 0.04104103, 0.07196100, 0.02299017, 0.05384924, 0.09261780, 0.05475987, 0.02145134, 0.03769698, 0.05970895, 0.06836561, 0.05516644, 0.01119653, 0.02864752, 0.06692555},
{0.08014932, 0.05348180, 0.04173797, 0.05317944, 0.01459713, 0.06519835, 0.03966282, 0.06777897, 0.02220551, 0.05785128, 0.09727161, 0.05621364, 0.02114274, 0.03896061, 0.04868153, 0.07953905, 0.05531999, 0.01100107, 0.02902969, 0.06699750},
{0.08484416, 0.05419777, 0.04039590, 0.05306352, 0.01352730, 0.06432293, 0.03922904, 0.07197754, 0.02287282, 0.05922602, 0.09645443, 0.05643976, 0.02200898, 0.03876746, 0.04695619, 0.06688855, 0.05825592, 0.01112065, 0.03041854, 0.06903251},
{0.07990558, 0.05748728, 0.03796193, 0.05256603, 0.01582970, 0.06146652, 0.03817661, 0.07204130, 0.02508865, 0.05838417, 0.09957768, 0.05406977, 0.02178369, 0.04279889, 0.05292598, 0.06276996, 0.05041181, 0.01697598, 0.03246953, 0.06730895},
{0.07466600, 0.05446831, 0.04389468, 0.05672767, 0.01443884, 0.06554972, 0.03782170, 0.07188045, 0.02459241, 0.06144150, 0.09331072, 0.05924847, 0.02281263, 0.04236124, 0.04752240, 0.06380679, 0.05276684, 0.01220141, 0.03415142, 0.06633680},
{0.08427763, 0.05489282, 0.03992421, 0.05547153, 0.01302020, 0.06683048, 0.03720923, 0.07920101, 0.02288283, 0.05856724, 0.09522358, 0.05614382, 0.02154226, 0.03813884, 0.04807872, 0.06300690, 0.05366207, 0.01096409, 0.02972669, 0.07123584}
},{
{0.09510276, 0.05705298, 0.03663609, 0.05412819, 0.01245995, 0.06614697, 0.03861523, 0.07623309, 0.02227855, 0.05721148, 0.09795393, 0.05467672, 0.02141969, 0.03644140, 0.04834665, 0.06144724, 0.05295730, 0.01079605, 0.02713338, 0.07296232},
{0.08519980, 0.06488714, 0.03776550, 0.05496585, 0.01366863, 0.06982535, 0.04003841, 0.07139945, 0.02363872, 0.05569433, 0.09675651, 0.05568664, 0.02114181, 0.03701236, 0.04814257, 0.06324629, 0.05120727, 0.01108890, 0.02879354, 0.06984093},
{0.07365735, 0.05015435, 0.05391166, 0.05643206, 0.01421909, 0.06650336, 0.04014905, 0.06745246, 0.02335521, 0.06311565, 0.09562532, 0.06211100, 0.02124484, 0.03894547, 0.04376835, 0.06895255, 0.05479423, 0.01054116, 0.03066662, 0.06440022},
{0.08398989, 0.05679592, 0.04100159, 0.05964967, 0.01351313, 0.07191643, 0.03880680, 0.07087883, 0.02300695, 0.05811364, 0.09490517, 0.05852614, 0.02139947, 0.03757894, 0.04441744, 0.06391513, 0.05262366, 0.01042975, 0.03047607, 0.06805540},
{0.07507618, 0.05726106, 0.04168671, 0.05508385, 0.02745031, 0.06465548, 0.03949655, 0.07108783, 0.02568861, 0.05370863, 0.09254720, 0.05761771, 0.02103286, 0.03832301, 0.04838901, 0.06873289, 0.05277363, 0.01303656, 0.03138254, 0.06496937},
