double a_13[13][20][20]={{
{0.10443892, 0.05644946, 0.03438887, 0.05356499, 0.01278427, 0.06794543, 0.03976290, 0.07539072, 0.02089581, 0.05698704, 0.10274861, 0.05478254, 0.02339877, 0.03595037, 0.04180683, 0.06111324, 0.05094907, 0.01017912, 0.02566629, 0.07079673},
{0.07987409, 0.06919383, 0.03848651, 0.05517478, 0.01321029, 0.07132436, 0.04219807, 0.06619653, 0.02492111, 0.05876067, 0.09867050, 0.05683525, 0.02231222, 0.04110013, 0.04457271, 0.05970533, 0.04735158, 0.01149780, 0.03138433, 0.06722990},
{0.07366990, 0.04861828, 0.05534863, 0.05020864, 0.01419338, 0.06075304, 0.03850311, 0.07033423, 0.02203715, 0.06768026, 0.09417478, 0.05913456, 0.02170583, 0.04070289, 0.05567679, 0.06537088, 0.05071502, 0.01166439, 0.03284742, 0.06666081},
{0.08159136, 0.05066845, 0.03748808, 0.05747313, 0.01315225, 0.07348333, 0.03263490, 0.07094130, 0.02079047, 0.06665102, 0.09972344, 0.05416591, 0.02175472, 0.04353699, 0.04716090, 0.06018534, 0.04855056, 0.01288665, 0.03424855, 0.07291267},
{0.06827785, 0.05658091, 0.04094836, 0.05446927, 0.02288371, 0.05820629, 0.03893389, 0.08866315, 0.02808916, 0.05296228, 0.09167714, 0.05141286, 0.01801606, 0.04063678, 0.05440680, 0.07464980, 0.05128175, 0.01244157, 0.03222414, 0.06323822},
{0.08595569, 0.05920226, 0.04363543, 0.05503031, 0.01144873, 0.08517834, 0.04230039, 0.06171643, 0.02128193, 0.06414543, 0.09702077, 0.07017698, 0.02384493, 0.03467261, 0.03505658, 0.05289406, 0.05029094, 0.01026614, 0.02711683, 0.06876524},
{0.08869576, 0.06040259, 0.03899144, 0.04575425, 0.01263429, 0.06648105, 0.06072363, 0.06401049, 0.02441394, 0.05789898, 0.10131975, 0.05805896, 0.02337319, 0.03557819, 0.04738481, 0.05760353, 0.04978222, 0.01157863, 0.02804352, 0.06727079},
{0.07905334, 0.05645713, 0.03633956, 0.05308729, 0.01440847, 0.06275682, 0.03656109, 0.08078835, 0.02434809, 0.06237134, 0.09179060, 0.06210872, 0.02372225, 0.04174728, 0.03868509, 0.06550800, 0.05440940, 0.01219911, 0.03149904, 0.07215904},
{0.07328099, 0.05732066, 0.03831025, 0.04660876, 0.01691514, 0.05322878, 0.04194922, 0.07613703, 0.03308094, 0.06047592, 0.10301402, 0.04650195, 0.02014457, 0.04469354, 0.06090668, 0.06476185, 0.05188308, 0.01188454, 0.03481192, 0.06409017},
{0.08374049, 0.05228648, 0.04541152, 0.06286609, 0.01484993, 0.07020457, 0.03550161, 0.06967400, 0.02244668, 0.06075540, 0.08888514, 0.05887221, 0.01896286, 0.03699164, 0.04876882, 0.06763018, 0.05679914, 0.00937331, 0.02927529, 0.06670464},
{0.08770948, 0.05787325, 0.04093954, 0.05644032, 0.01367952, 0.06762089, 0.04048909, 0.06872262, 0.02325441, 0.05326765, 0.09711935, 0.05951944, 0.02054728, 0.03704562, 0.05115764, 0.06936616, 0.05428046, 0.01003882, 0.02638823, 0.06454023},
{0.08020200, 0.05634519, 0.04599685, 0.05563386, 0.01156160, 0.07844109, 0.03967174, 0.06273322, 0.02085636, 0.06195315, 0.09193458, 0.07528510, 0.02131713, 0.03237188, 0.04410418, 0.05989718, 0.05406845, 0.00957548, 0.03053917, 0.06751180},
{0.08896033, 0.05456204, 0.04210241, 0.05607930, 0.01224629, 0.06590674, 0.03958711, 0.07371496, 0.02238797, 0.05641173, 0.09660122, 0.05934338, 0.02770918, 0.03523073, 0.04831488, 0.06082471, 0.05336369, 0.00866183, 0.02578444, 0.07220706},
{0.07442128, 0.04925390, 0.04315342, 0.06230003, 0.01686808, 0.06265654, 0.03504183, 0.07540256, 0.02380407, 0.05986883, 0.09474750, 0.05260032, 0.02047392, 0.04333257, 0.04346966, 0.07516852, 0.05592757, 0.01192831, 0.03273075, 0.06685033},
{0.08122411, 0.04809252, 0.03715930, 0.05514903, 0.01230459, 0.07719978, 0.04053853, 0.07667012, 0.02324516, 0.05045116, 0.09062187, 0.04952860, 0.01969742, 0.03909794, 0.05817546, 0.07066323, 0.05418840, 0.01129270, 0.02997415, 0.07472595},
{0.07416917, 0.05323170, 0.04016202, 0.05225574, 0.01467743, 0.05933661, 0.03901805, 0.07718154, 0.02315404, 0.05639146, 0.09731767, 0.05371813, 0.02074396, 0.04093566, 0.05032126, 0.08590764, 0.05518231, 0.01153917, 0.02923361, 0.06552284},
{0.08116186, 0.04957816, 0.03780082, 0.05199330, 0.01441085, 0.05942985, 0.03533294, 0.07819130, 0.02262209, 0.05965832, 0.10159208, 0.04964942, 0.02037048, 0.03941945, 0.05740381, 0.06747146, 0.06014069, 0.01121782, 0.02807873, 0.07447658},
{0.07136040, 0.06058535, 0.04547635, 0.05614876, 0.01551030, 0.05817955, 0.04862977, 0.06384092, 0.02487086, 0.05821262, 0.11072203, 0.05683801, 0.02495112, 0.04223828, 0.03863395, 0.06274990, 0.04980495, 0.01578658, 0.03094131, 0.06451898},
{0.07088472, 0.05821600, 0.04376594, 0.05821093, 0.01648395, 0.06167979, 0.04247264, 0.07549361, 0.02516623, 0.05722053, 0.09694153, 0.05284913, 0.01959755, 0.04471812, 0.04524258, 0.06610698, 0.05252522, 0.01230929, 0.03503402, 0.06508125},
{0.08554817, 0.05349012, 0.03958675, 0.05872707, 0.01435131, 0.06954198, 0.03447535, 0.06664707, 0.02082635, 0.06089658, 0.09543189, 0.05666552, 0.02208361, 0.03754219, 0.04779534, 0.06539190, 0.05767984, 0.01022711, 0.02725759, 0.07583428},
},{
{0.10472791, 0.06004801, 0.03502830, 0.04923186, 0.01307277, 0.06703874, 0.03991610, 0.07517165, 0.02178586, 0.05769734, 0.10068729, 0.05626516, 0.02261088, 0.03549556, 0.04185484, 0.06038180, 0.05040864, 0.00996692, 0.02695284, 0.07165754},
{0.08534046, 0.06908188, 0.03490160, 0.04702240, 0.01342940, 0.06237588, 0.03944065, 0.07441237, 0.02473926, 0.06048000, 0.10866749, 0.05472555, 0.02315928, 0.03994719, 0.04361976, 0.05825713, 0.04765198, 0.01261527, 0.03058883, 0.06954361},
{0.06865209, 0.04817604, 0.05535843, 0.05536974, 0.01335102, 0.06314353, 0.03809176, 0.06076015, 0.02196962, 0.06848315, 0.10108965, 0.06071963, 0.02099943, 0.04184452, 0.04775081, 0.06731205, 0.05671544, 0.01108868, 0.03235191, 0.06677235},
{0.07976826, 0.04899314, 0.03865027, 0.06098379, 0.01299907, 0.06942462, 0.03547027, 0.05895212, 0.02053213, 0.06922788, 0.10596207, 0.05423166, 0.02190707, 0.04112429, 0.04475827, 0.06330072, 0.05073624, 0.01113873, 0.03145648, 0.08038291},
{0.07586754, 0.05449902, 0.04450535, 0.05331064, 0.02498611, 0.06388462, 0.03894131, 0.07277127, 0.02542761, 0.05578650, 0.08705037, 0.05791456, 0.02049709, 0.03950196, 0.05035202, 0.07084372, 0.05201082, 0.01131663, 0.03024592, 0.07028693},
{0.08343023, 0.05246970, 0.03469938, 0.05100393, 0.01354029, 0.07662041, 0.03741360, 0.06737810, 0.01935503, 0.06858986, 0.11220897, 0.05915696, 0.02481835, 0.04140227, 0.03925254, 0.05501257, 0.04775910, 0.01088366, 0.03051563, 0.07448945},
{0.08184423, 0.05623836, 0.03702006, 0.04589938, 0.01306550, 0.06432659, 0.05527782, 0.06506685, 0.02314259, 0.06338951, 0.11426955, 0.05453227, 0.02356863, 0.03909824, 0.04492800, 0.05952269, 0.04736784, 0.01153361, 0.02949641, 0.07041188},
{0.07959309, 0.05381170, 0.03696989, 0.05478394, 0.01422669, 0.05728274, 0.03313027, 0.08475702, 0.02119290, 0.06161532, 0.08929348, 0.05360670, 0.02235133, 0.03784127, 0.05429189, 0.06762891, 0.06033049, 0.01102971, 0.02963750, 0.07662515},
{0.07587500, 0.05491329, 0.04018309, 0.05978338, 0.01462824, 0.06155358, 0.03924538, 0.07334465, 0.03242590, 0.05907292, 0.10239090, 0.05023662, 0.02100721, 0.04127853, 0.04943470, 0.06289727, 0.04938524, 0.01216764, 0.03066596, 0.06951050},
{0.08330047, 0.05649531, 0.04822426, 0.06111780, 0.01308347, 0.07469488, 0.04105419, 0.07358427, 0.02383861, 0.05341293, 0.08094238, 0.06281052, 0.01935003, 0.03659528, 0.04590501, 0.06797554, 0.05624801, 0.00952960, 0.02837351, 0.06346393},
{0.08650922, 0.05910127, 0.04412988, 0.06134952, 0.01324221, 0.07728828, 0.04424639, 0.07139190, 0.02403104, 0.04998910, 0.08850663, 0.06299770, 0.01962724, 0.03495786, 0.04743595, 0.06670601, 0.05071352, 0.01051519, 0.02660032, 0.06066077},
{0.07636768, 0.05299633, 0.04105672, 0.04807479, 0.01298556, 0.06537975, 0.03699983, 0.06834649, 0.02128984, 0.06970787, 0.10525798, 0.07187309, 0.02292179, 0.04203213, 0.03977886, 0.05951349, 0.05082843, 0.01116831, 0.03310792, 0.07031316},
{0.08398173, 0.05825081, 0.04080364, 0.05781037, 0.01352256, 0.07498466, 0.04277431, 0.07171062, 0.02389706, 0.05403241, 0.08911596, 0.06066611, 0.02559412, 0.03960608, 0.04419751, 0.06265818, 0.05106521, 0.01102631, 0.02974682, 0.06455553},
{0.07581323, 0.05486018, 0.04746936, 0.06175532, 0.01465837, 0.06908299, 0.04128029, 0.07412809, 0.02517282, 0.05402877, 0.08508871, 0.06089868, 0.01984769, 0.03987820, 0.04954718, 0.06845413, 0.05397569, 0.01126243, 0.02974927, 0.06304862},
{0.07966588, 0.05023080, 0.03602863, 0.05221682, 0.01416132, 0.06109213, 0.03800619, 0.07419042, 0.02477847, 0.05628601, 0.09329180, 0.04826058, 0.02194765, 0.03959097, 0.06742525, 0.07088242, 0.05892918, 0.01224876, 0.03032773, 0.07043898},
{0.07704598, 0.05114868, 0.04091701, 0.05317454, 0.01446693, 0.06434169, 0.03733811, 0.06943948, 0.02173295, 0.05915133, 0.09933831, 0.05347770, 0.02097440, 0.03980143, 0.05055280, 0.08501073, 0.05540040, 0.01143347, 0.03006931, 0.06518475},
{0.08316669, 0.05316681, 0.04069911, 0.05467396, 0.01348284, 0.07125664, 0.03762178, 0.06801874, 0.02279637, 0.05729130, 0.09389094, 0.05704809, 0.02105361, 0.03795193, 0.04949972, 0.07038246, 0.06370767, 0.01053266, 0.02821591, 0.06554277},
{0.07627235, 0.06026958, 0.04362523, 0.05918112, 0.01587523, 0.06836054, 0.04405993, 0.07184109, 0.02461702, 0.04994864, 0.08792953, 0.06176598, 0.02133605, 0.03912485, 0.05141096, 0.06501677, 0.05226139, 0.01654408, 0.02929070, 0.06126897},
{0.07292123, 0.05612146, 0.04698553, 0.06080198, 0.01666384, 0.06549754, 0.04132193, 0.07109354, 0.02670745, 0.05695936, 0.08960845, 0.05996661, 0.02035058, 0.04013585, 0.04889170, 0.06503935, 0.05349048, 0.01151679, 0.03316056, 0.06276579},
{0.08983113, 0.05565795, 0.04067327, 0.06076929, 0.01395400, 0.07200658, 0.03733006, 0.07637976, 0.02244508, 0.05444086, 0.08676422, 0.05583123, 0.02081494, 0.03712211, 0.04591488, 0.06526348, 0.05420017, 0.00977457, 0.02708499, 0.07374143},
},{
{0.10384158, 0.05802287, 0.03614861, 0.05241701, 0.01264003, 0.06720656, 0.03952325, 0.07343981, 0.02228070, 0.05774113, 0.10021681, 0.05326402, 0.02223421, 0.03609318, 0.04557792, 0.06050756, 0.05139662, 0.01013815, 0.02678228, 0.07052769},
{0.08572218, 0.06855052, 0.03635435, 0.05619265, 0.01229450, 0.07091491, 0.04143446, 0.07286404, 0.02250610, 0.05524243, 0.09832521, 0.05669128, 0.02165692, 0.03794385, 0.04426666, 0.06338474, 0.04951832, 0.01103904, 0.02807131, 0.06702652},
{0.06830576, 0.05170373, 0.05555602, 0.05450947, 0.01313101, 0.06303330, 0.03799154, 0.06364501, 0.02177026, 0.06710221, 0.09758791, 0.06396297, 0.02032363, 0.04164510, 0.04354012, 0.06752862, 0.05503485, 0.01103911, 0.03262222, 0.06996717},
{0.07918047, 0.06074489, 0.04056230, 0.05834554, 0.01214198, 0.06868418, 0.03601143, 0.06679222, 0.02179065, 0.06323314, 0.09303377, 0.06507585, 0.02016058, 0.03871494, 0.04234944, 0.06237913, 0.05630698, 0.01081238, 0.03026651, 0.07341364},
{0.07401822, 0.04728669, 0.04139373, 0.05145787, 0.05340754, 0.05469819, 0.03367413, 0.07511837, 0.02594642, 0.05626069, 0.09589140, 0.04813272, 0.02148757, 0.03952196, 0.05097508, 0.06674168, 0.05388917, 0.01211522, 0.03191997, 0.06606339},
{0.08317098, 0.06769309, 0.03881495, 0.05790979, 0.01148455, 0.08490652, 0.04281764, 0.06333998, 0.02008879, 0.05608130, 0.09034111, 0.07663501, 0.01939887, 0.03514665, 0.04289794, 0.05975629, 0.04857073, 0.00982789, 0.02710053, 0.06401740},
{0.08277288, 0.05814494, 0.04034882, 0.05388546, 0.01265167, 0.07234815, 0.05685164, 0.06432863, 0.02303898, 0.05701174, 0.09762681, 0.05850432, 0.02088484, 0.03673667, 0.04623901, 0.06478996, 0.05020079, 0.01094910, 0.02790010, 0.06478548},
{0.08340974, 0.05152277, 0.03414215, 0.04814498, 0.01405722, 0.05556196, 0.03214505, 0.08468248, 0.02329813, 0.06480563, 0.09518964, 0.04882473, 0.02195691, 0.04169014, 0.05127955, 0.06436656, 0.05753205, 0.01097226, 0.03069378, 0.08572430},
{0.07486267, 0.05800322, 0.04247813, 0.05465611, 0.01572181, 0.06527571, 0.04107400, 0.07047034, 0.03244801, 0.05581079, 0.09353954, 0.05293064, 0.02133416, 0.04026936, 0.04997021, 0.06641965, 0.05512541, 0.01180880, 0.03116616, 0.06663527},
{0.08293278, 0.04772281, 0.04569386, 0.05668166, 0.01372084, 0.06529588, 0.03595721, 0.07766796, 0.02311619, 0.06539413, 0.09992257, 0.05570773, 0.02279268, 0.03983497, 0.04317116, 0.06400357, 0.05337720, 0.01079841, 0.02985059, 0.06635782},
{0.08727753, 0.05407751, 0.03966959, 0.05327900, 0.01407980, 0.06762247, 0.04027297, 0.07062211, 0.02435443, 0.05850588, 0.10874930, 0.05563117, 0.02328143, 0.03911316, 0.04431201, 0.06396900, 0.04990973, 0.01143135, 0.02976016, 0.06408141},
{0.07377531, 0.05354081, 0.04386938, 0.05781974, 0.01145992, 0.08171198, 0.04137347, 0.06610891, 0.02034300, 0.06227465, 0.09305088, 0.07706914, 0.01924457, 0.03815418, 0.04255673, 0.06315748, 0.04918364, 0.00953258, 0.02899182, 0.06678180},
{0.08782336, 0.05242593, 0.04080359, 0.05459726, 0.01437699, 0.06477238, 0.03769009, 0.07310032, 0.02365547, 0.05815994, 0.10051266, 0.05324997, 0.02800058, 0.04029928, 0.04282577, 0.06393432, 0.05220147, 0.01164868, 0.03109735, 0.06882461},
{0.07687524, 0.05093521, 0.04387722, 0.05777411, 0.01401808, 0.06519664, 0.03719688, 0.06996065, 0.02440838, 0.05844680, 0.09922817, 0.05493374, 0.02393505, 0.04490260, 0.04861063, 0.06712441, 0.05256807, 0.01308549, 0.03221158, 0.06471104},
{0.08104639, 0.05562406, 0.03394091, 0.04942643, 0.01456981, 0.06279188, 0.03990088, 0.06635284, 0.02234020, 0.05900894, 0.09302847, 0.05195256, 0.02123985, 0.03789317, 0.06809378, 0.06883036, 0.05768321, 0.01176867, 0.02905694, 0.07545065},
{0.07591203, 0.05220140, 0.04313220, 0.05701423, 0.01380255, 0.06906051, 0.04082079, 0.06856144, 0.02261491, 0.05554390, 0.09186444, 0.05506047, 0.02024954, 0.03840439, 0.05143652, 0.08321803, 0.05635262, 0.01081543, 0.02905709, 0.06487750},
{0.08137625, 0.05215891, 0.04243131, 0.05681367, 0.01363358, 0.06865910, 0.04146747, 0.07311410, 0.02320214, 0.05718746, 0.08917378, 0.05400127, 0.02097919, 0.03778566, 0.05030576, 0.06944359, 0.06055759, 0.01093981, 0.02889485, 0.06787451},
{0.07738624, 0.05712534, 0.04327744, 0.05833277, 0.01376027, 0.06560994, 0.03919605, 0.07579857, 0.02450636, 0.04911787, 0.09344840, 0.05307949, 0.02232471, 0.04250186, 0.05349138, 0.06570391, 0.05000981, 0.01669460, 0.03215987, 0.06647510},
{0.07204359, 0.05261382, 0.04530639, 0.06001432, 0.01405577, 0.06760293, 0.03974989, 0.06844847, 0.02373946, 0.05939318, 0.09331809, 0.05839979, 0.02290753, 0.04114872, 0.04930079, 0.06662660, 0.05275749, 0.01164832, 0.03552166, 0.06540319},
{0.08901817, 0.05005227, 0.04023254, 0.05714326, 0.01388862, 0.06462231, 0.03515717, 0.08076885, 0.02305804, 0.05872232, 0.09647545, 0.05205414, 0.02314041, 0.03713587, 0.04673235, 0.06457576, 0.05471210, 0.01080106, 0.02854727, 0.07316204},
},{
{0.11495318, 0.05685865, 0.03390524, 0.05143923, 0.01247908, 0.06465713, 0.03755106, 0.08124497, 0.02180180, 0.05383592, 0.09691203, 0.05223694, 0.02095903, 0.03520927, 0.04546849, 0.06151499, 0.05070118, 0.01047298, 0.02705851, 0.07074032},
{0.08270486, 0.06791915, 0.03626290, 0.05589436, 0.01289532, 0.07876202, 0.04155378, 0.06877490, 0.02248090, 0.05719118, 0.09650097, 0.05530118, 0.02128053, 0.03601608, 0.04794983, 0.06267021, 0.04963727, 0.01105857, 0.02795713, 0.06718883},
{0.07315506, 0.05090549, 0.05537088, 0.05256115, 0.01333234, 0.06467254, 0.03977491, 0.06188519, 0.02253920, 0.06691182, 0.09251472, 0.06246894, 0.02181511, 0.04106445, 0.04261084, 0.06966600, 0.05552255, 0.01143838, 0.03243146, 0.06935898},
{0.08495426, 0.06013115, 0.04104791, 0.05801410, 0.01286151, 0.07134787, 0.03920242, 0.06137330, 0.02204708, 0.06226236, 0.09390103, 0.06031895, 0.02115318, 0.03996660, 0.04306268, 0.06198730, 0.05152769, 0.01118860, 0.03088700, 0.07276502},
{0.07183534, 0.04898243, 0.04319975, 0.05306198, 0.02840755, 0.05772262, 0.03615921, 0.09195259, 0.02706519, 0.05432177, 0.09502740, 0.04993045, 0.02157537, 0.04745023, 0.04749846, 0.06755823, 0.05149236, 0.01244123, 0.03159194, 0.06272589},
{0.08318077, 0.06560013, 0.04000410, 0.05558655, 0.01113930, 0.08409190, 0.04534097, 0.05832945, 0.02174912, 0.05625135, 0.09271139, 0.07551515, 0.01939298, 0.03505745, 0.04207291, 0.06109070, 0.04986425, 0.01007750, 0.02818259, 0.06476142},
{0.07982418, 0.05566309, 0.04203178, 0.06101360, 0.01186205, 0.07816243, 0.05674683, 0.06164109, 0.02365237, 0.05485391, 0.09534855, 0.05809592, 0.02072031, 0.03608455, 0.04574495, 0.06432815, 0.05133707, 0.01204861, 0.02750017, 0.06334040},
{0.08976959, 0.05578168, 0.03598629, 0.05241121, 0.01387209, 0.05983664, 0.03427095, 0.08432635, 0.02205034, 0.05852677, 0.09272266, 0.04831216, 0.02086326, 0.03970039, 0.04959339, 0.06743509, 0.05678920, 0.01114864, 0.02995823, 0.07664510},
{0.07531343, 0.05416737, 0.03869672, 0.05370948, 0.01439633, 0.06477379, 0.04145503, 0.06693061, 0.03476718, 0.05888754, 0.09894765, 0.05463460, 0.02273385, 0.03908572, 0.04940424, 0.06439412, 0.05396306, 0.01105193, 0.03034379, 0.07234357},
{0.07456994, 0.04981863, 0.04518191, 0.05659801, 0.01472833, 0.06368845, 0.03552224, 0.07365234, 0.02326164, 0.06774151, 0.10195768, 0.05975323, 0.02386434, 0.03998471, 0.04295885, 0.06334399, 0.05503127, 0.00996011, 0.02933154, 0.06905128},
{0.08022012, 0.05240127, 0.03966186, 0.05496790, 0.01459341, 0.06455757, 0.03928622, 0.07816564, 0.02300339, 0.06004927, 0.10697545, 0.05353878, 0.02276537, 0.04033876, 0.04795512, 0.06272342, 0.05045012, 0.01078319, 0.02980793, 0.06775522},
{0.07340123, 0.05131713, 0.04261336, 0.05930095, 0.01305868, 0.08655194, 0.04000895, 0.05963848, 0.02032244, 0.06434653, 0.09144507, 0.07533504, 0.01971821, 0.03789359, 0.04251715, 0.06387087, 0.05183510, 0.01017112, 0.02930890, 0.06734527},
{0.08196996, 0.05212078, 0.04084453, 0.05525053, 0.01398995, 0.06569197, 0.03874064, 0.08155046, 0.02410864, 0.05870524, 0.09860270, 0.05432266, 0.02816527, 0.04103582, 0.04507940, 0.06212820, 0.04981625, 0.01133435, 0.03026498, 0.06627765},
{0.07216070, 0.05012690, 0.04323275, 0.05590587, 0.01686658, 0.06065292, 0.03646595, 0.07317348, 0.02449374, 0.05841417, 0.10066736, 0.05625026, 0.02356778, 0.04793005, 0.04698563, 0.06606972, 0.05387426, 0.01205228, 0.03322725, 0.06788235},
{0.08613479, 0.05671563, 0.03612356, 0.05085440, 0.01272104, 0.06637585, 0.04033105, 0.07199539, 0.02292432, 0.05469986, 0.08794192, 0.05414598, 0.01960499, 0.03707771, 0.06746782, 0.06922622, 0.05549002, 0.01173036, 0.02900649, 0.06943261},
{0.08055075, 0.05399350, 0.04248459, 0.05240388, 0.01352865, 0.06207656, 0.03918230, 0.06746665, 0.02254229, 0.05736800, 0.09384298, 0.05734217, 0.02077224, 0.03917138, 0.05013761, 0.08486691, 0.05642112, 0.01105702, 0.02944629, 0.06534512},
{0.08234997, 0.05206823, 0.04187821, 0.05219019, 0.01382718, 0.06359433, 0.03754787, 0.06645693, 0.02271740, 0.06304000, 0.09847623, 0.05485876, 0.02357703, 0.03816397, 0.04946194, 0.06784380, 0.05962907, 0.01152910, 0.02895615, 0.07183365},
{0.07306618, 0.06095196, 0.04503150, 0.05473876, 0.01771862, 0.06261570, 0.04297813, 0.07884397, 0.02773223, 0.05098707, 0.08996024, 0.05351677, 0.02180686, 0.04185014, 0.04840866, 0.06532123, 0.05416307, 0.01623217, 0.03239566, 0.06168107},
{0.06727684, 0.05428434, 0.04562643, 0.05816092, 0.01621580, 0.06412448, 0.04011833, 0.06908620, 0.02406639, 0.06055494, 0.09542522, 0.06320120, 0.02291502, 0.04007460, 0.04673190, 0.06435149, 0.05297600, 0.01231818, 0.03492181, 0.06756990},
{0.08195282, 0.05216913, 0.04055189, 0.05940121, 0.01477130, 0.06493144, 0.03510979, 0.07998758, 0.02230134, 0.05952083, 0.10000581, 0.05343273, 0.02230705, 0.03694276, 0.04713450, 0.06258004, 0.05571398, 0.00988491, 0.02783334, 0.07346756},
},{
{0.09872387, 0.05652800, 0.03605737, 0.05339991, 0.01239444, 0.06624606, 0.03914696, 0.07586317, 0.02222047, 0.05716515, 0.10136709, 0.05426124, 0.02228608, 0.03619392, 0.04566668, 0.06136324, 0.05140529, 0.01078831, 0.02697903, 0.07194373},
{0.08444429, 0.06658270, 0.03809848, 0.05437287, 0.01372348, 0.07032348, 0.04015956, 0.07171912, 0.02437945, 0.05480587, 0.09875589, 0.05647058, 0.02143816, 0.03657188, 0.04586043, 0.06307629, 0.05157724, 0.01095104, 0.02899666, 0.06769254},
{0.07379346, 0.04997056, 0.05314811, 0.05418916, 0.01416176, 0.06459314, 0.04040909, 0.06029462, 0.02298934, 0.06715753, 0.09742966, 0.06009923, 0.02143612, 0.04190517, 0.04375345, 0.06806956, 0.05478862, 0.01124570, 0.03174174, 0.06882398},
{0.08279633, 0.05601178, 0.03745458, 0.05609069, 0.01389822, 0.07009032, 0.03746204, 0.06502834, 0.02221282, 0.06370837, 0.10092088, 0.05543400, 0.02332340, 0.04018507, 0.04321493, 0.06148101, 0.05320838, 0.01170518, 0.03160301, 0.07417064},
{0.07392310, 0.05471024, 0.04163796, 0.05446107, 0.02973170, 0.06352538, 0.03717447, 0.07640132, 0.02557678, 0.05432722, 0.08987474, 0.05818206, 0.02073528, 0.03680187, 0.05052677, 0.06926135, 0.05428132, 0.01185997, 0.03056485, 0.06644254},
{0.08440771, 0.05525322, 0.03684694, 0.05455654, 0.01370991, 0.07773998, 0.03884162, 0.06126501, 0.02134286, 0.06389994, 0.10654349, 0.06051181, 0.02215990, 0.04046238, 0.04146914, 0.05920499, 0.04921227, 0.01066528, 0.03116785, 0.07073917},
{0.08366552, 0.05553827, 0.03924020, 0.05039356, 0.01307392, 0.06846283, 0.05174587, 0.06294373, 0.02342654, 0.05888681, 0.10350870, 0.05702595, 0.02223077, 0.03875294, 0.04605164, 0.06423784, 0.05171955, 0.01152437, 0.03006652, 0.06750446},
{0.08462654, 0.05382994, 0.03666425, 0.05424667, 0.01444970, 0.06091990, 0.03536155, 0.08070218, 0.02260004, 0.06187335, 0.09639739, 0.04828560, 0.02352851, 0.03986519, 0.04741716, 0.06390595, 0.05553782, 0.01159093, 0.02937415, 0.07882317},
{0.08076663, 0.05525554, 0.03940427, 0.05550150, 0.01442084, 0.06477896, 0.04107786, 0.06840525, 0.03030947, 0.05749298, 0.09444632, 0.05376368, 0.02092246, 0.03837537, 0.05015888, 0.06642101, 0.05724001, 0.01221843, 0.03028822, 0.06875234},
{0.07801946, 0.05252866, 0.04712128, 0.05861979, 0.01301862, 0.06973998, 0.03762659, 0.07906046, 0.02237608, 0.06045010, 0.08858828, 0.06427184, 0.02088442, 0.03879118, 0.04704517, 0.06646576, 0.05303048, 0.00971272, 0.02838823, 0.06426089},
{0.08348303, 0.05679650, 0.04159995, 0.05617624, 0.01323218, 0.06945261, 0.04165897, 0.07407758, 0.02264446, 0.05779813, 0.09475476, 0.05955690, 0.02051875, 0.03804274, 0.04836546, 0.06559761, 0.05175697, 0.01058733, 0.02815463, 0.06574518},
{0.07580233, 0.05403816, 0.04365286, 0.05370401, 0.01307900, 0.07262198, 0.03837684, 0.06243879, 0.02140491, 0.06493485, 0.09698774, 0.07350503, 0.02133233, 0.03915362, 0.04184620, 0.06400361, 0.05175090, 0.01036790, 0.03161100, 0.06938794},
{0.08482571, 0.05575748, 0.04077368, 0.05384715, 0.01321588, 0.06964726, 0.03994110, 0.07723636, 0.02320688, 0.05741279, 0.09356747, 0.05732384, 0.02554866, 0.03944140, 0.04634478, 0.06461406, 0.05170618, 0.01072306, 0.02806046, 0.06680578},
{0.07577488, 0.05263318, 0.04532370, 0.05807120, 0.01419554, 0.06623361, 0.03767387, 0.07383576, 0.02429321, 0.05845123, 0.09309523, 0.05913122, 0.02125660, 0.04344314, 0.04925168, 0.06674123, 0.05347976, 0.01145187, 0.03088440, 0.06477869},
{0.08567463, 0.05487583, 0.03549110, 0.05146162, 0.01396540, 0.06476187, 0.03955545, 0.06920164, 0.02322756, 0.05653350, 0.09457175, 0.05149623, 0.02095852, 0.03719758, 0.06306835, 0.06942452, 0.05511776, 0.01198666, 0.03008822, 0.07134182},
{0.07864408, 0.05309282, 0.04140306, 0.05275460, 0.01462860, 0.06463514, 0.04020454, 0.06580907, 0.02276988, 0.05876253, 0.09881025, 0.05594230, 0.02151475, 0.03889181, 0.04951330, 0.07851504, 0.05635538, 0.01128214, 0.02911179, 0.06735893},
{0.08356188, 0.05435095, 0.04036824, 0.05462468, 0.01357897, 0.06645166, 0.03831115, 0.06985849, 0.02279181, 0.05907275, 0.09690850, 0.05607915, 0.02186570, 0.03827677, 0.04714453, 0.06840452, 0.05920766, 0.01088888, 0.02925081, 0.06900293},
{0.07795227, 0.05494882, 0.04096426, 0.05586420, 0.01542706, 0.06424052, 0.04254023, 0.07690097, 0.02393101, 0.05399495, 0.09570652, 0.05601327, 0.02121653, 0.04197610, 0.05301964, 0.06527331, 0.05253297, 0.01422474, 0.03027342, 0.06299922},
{0.07395022, 0.05458789, 0.04609639, 0.06073802, 0.01526787, 0.06920067, 0.03958685, 0.07373512, 0.02425764, 0.05832694, 0.08947094, 0.06180679, 0.02013286, 0.04072188, 0.04699217, 0.06576675, 0.05195791, 0.01103800, 0.03353747, 0.06282764},
{0.08620783, 0.05607941, 0.04140207, 0.05966528, 0.01297854, 0.06950492, 0.03778101, 0.08375288, 0.02241534, 0.05362299, 0.08833039, 0.05840211, 0.02097225, 0.03603700, 0.04892434, 0.06518080, 0.05339938, 0.01010901, 0.02686963, 0.06836483},
},{
{0.09854667, 0.05729250, 0.03683281, 0.05419776, 0.01210863, 0.06784455, 0.03954588, 0.07479506, 0.02209766, 0.05530576, 0.09782537, 0.05521135, 0.02178315, 0.03616921, 0.04834294, 0.06244669, 0.05275948, 0.01008460, 0.02629538, 0.07051454},
{0.08517332, 0.06489233, 0.03691927, 0.05409363, 0.01373869, 0.06861333, 0.03849840, 0.07327667, 0.02320774, 0.05706272, 0.09787833, 0.05516249, 0.02164321, 0.03766819, 0.04866688, 0.06315410, 0.05070504, 0.01120844, 0.02850961, 0.06992761},
{0.07551825, 0.04864085, 0.05375057, 0.05434918, 0.01409150, 0.06479397, 0.03879125, 0.06443454, 0.02200198, 0.06650340, 0.09669310, 0.06087673, 0.02135201, 0.04170224, 0.04287418, 0.06755930, 0.05364086, 0.01085216, 0.03201833, 0.06955559},
{0.08109114, 0.05651486, 0.03881801, 0.05978942, 0.01390841, 0.06951783, 0.03825005, 0.06783413, 0.02187588, 0.06336909, 0.09976708, 0.05623727, 0.02138410, 0.04032813, 0.04384199, 0.06173520, 0.05172116, 0.01125405, 0.03107346, 0.07168876},
{0.07806690, 0.05436571, 0.04187517, 0.05446523, 0.03023596, 0.06417460, 0.03796072, 0.07541689, 0.02454017, 0.05079649, 0.08781138, 0.05518848, 0.02088339, 0.03894165, 0.05317070, 0.07020868, 0.05416898, 0.01235476, 0.03199800, 0.06337613},
{0.08142740, 0.05633311, 0.03813629, 0.05500293, 0.01329868, 0.07690324, 0.03901810, 0.06636035, 0.02140619, 0.06329281, 0.10402737, 0.06157817, 0.02196656, 0.03872096, 0.04299278, 0.05973668, 0.04905599, 0.01057215, 0.02892366, 0.07124658},
{0.08214847, 0.05626395, 0.03938218, 0.05092334, 0.01386359, 0.06702306, 0.05190037, 0.06690624, 0.02365028, 0.05877931, 0.10384307, 0.05656462, 0.02177573, 0.03806039, 0.04722078, 0.06315403, 0.05103935, 0.01158200, 0.02921042, 0.06670883},
{0.08744879, 0.05354719, 0.03601643, 0.05360938, 0.01530983, 0.06184740, 0.03591718, 0.08359225, 0.02256284, 0.06089348, 0.09466861, 0.05199615, 0.02293343, 0.03804946, 0.04629173, 0.06409086, 0.05456874, 0.01172106, 0.02892396, 0.07601123},
{0.07901532, 0.05585885, 0.04123409, 0.05302640, 0.01618278, 0.06480026, 0.03987532, 0.07104866, 0.02832383, 0.05880156, 0.09728798, 0.05278207, 0.02224011, 0.03997903, 0.04846682, 0.06505790, 0.05288765, 0.01203337, 0.03204858, 0.06904941},
{0.07895692, 0.05316081, 0.04594570, 0.05790464, 0.01230529, 0.07112779, 0.03825974, 0.07339776, 0.02330332, 0.06112817, 0.09185355, 0.06393090, 0.02087475, 0.03866529, 0.04429756, 0.06513473, 0.05343772, 0.00996975, 0.02959169, 0.06675390},
{0.08356460, 0.05632640, 0.04143740, 0.05739665, 0.01275615, 0.07094307, 0.04172311, 0.06901904, 0.02375380, 0.05754851, 0.09681275, 0.05895609, 0.02088659, 0.03723792, 0.04663134, 0.06607902, 0.05281446, 0.01084595, 0.02833407, 0.06693307},
{0.07607400, 0.05289140, 0.04204190, 0.05343506, 0.01373930, 0.07136301, 0.03763370, 0.06678144, 0.02147536, 0.06596358, 0.09752050, 0.07116897, 0.02137825, 0.04093401, 0.04194674, 0.06237557, 0.05022907, 0.01046646, 0.03199629, 0.07058537},
{0.08311837, 0.05690021, 0.04278472, 0.05489404, 0.01279638, 0.07006083, 0.03902514, 0.07418564, 0.02301765, 0.05759122, 0.09340327, 0.05964622, 0.02507635, 0.03773216, 0.04598794, 0.06406400, 0.05252978, 0.01022374, 0.03053138, 0.06643097},
{0.07704587, 0.05432952, 0.04444323, 0.05696255, 0.01321143, 0.06705793, 0.03949202, 0.07069765, 0.02369149, 0.05900788, 0.09377802, 0.05886147, 0.02177137, 0.04261152, 0.04763697, 0.06774563, 0.05346980, 0.01190917, 0.03072122, 0.06555527},
{0.08308240, 0.05395575, 0.03554714, 0.05241881, 0.01532368, 0.06121335, 0.03829275, 0.06777404, 0.02321587, 0.05749992, 0.09869830, 0.04955048, 0.02236986, 0.04024272, 0.06282873, 0.06832400, 0.05694737, 0.01251654, 0.02965474, 0.07054354},
{0.07963938, 0.05425458, 0.04166618, 0.05204315, 0.01416767, 0.06411990, 0.04018496, 0.06760172, 0.02222676, 0.05834814, 0.09768578, 0.05661391, 0.02158954, 0.03936524, 0.04911297, 0.08036007, 0.05579085, 0.01079163, 0.02878314, 0.06565445},
{0.08534990, 0.05339751, 0.04091774, 0.05362393, 0.01378926, 0.06673712, 0.03935355, 0.07008613, 0.02287168, 0.05832779, 0.09482473, 0.05645467, 0.02251711, 0.03843308, 0.04802287, 0.06795703, 0.05923748, 0.01062323, 0.02945963, 0.06801556},
{0.07884200, 0.05462786, 0.03954460, 0.05612424, 0.01486141, 0.06613033, 0.03926522, 0.07423730, 0.02567737, 0.05279066, 0.09635145, 0.05231576, 0.02198835, 0.04229406, 0.05266340, 0.06408835, 0.05512811, 0.01615739, 0.03212414, 0.06478803},
{0.07429563, 0.05482083, 0.04448661, 0.05791828, 0.01434827, 0.06962949, 0.04069349, 0.06996861, 0.02400008, 0.05944776, 0.09151134, 0.06131037, 0.02106656, 0.03949823, 0.04844075, 0.06517538, 0.05306605, 0.01187441, 0.03346962, 0.06497823},
{0.08463456, 0.05556077, 0.04128395, 0.05799982, 0.01296250, 0.06922962, 0.03773081, 0.08040864, 0.02333617, 0.05521878, 0.09058817, 0.05722078, 0.02086031, 0.03679290, 0.04755092, 0.06528897, 0.05487919, 0.01010329, 0.02851506, 0.06983481},
},{
{0.09903358, 0.05644155, 0.03625583, 0.05466026, 0.01218999, 0.06616103, 0.03964124, 0.07636982, 0.02217967, 0.05604868, 0.09785943, 0.05318860, 0.02161221, 0.03642353, 0.04808233, 0.06228032, 0.05295693, 0.01063090, 0.02619406, 0.07179004},
{0.08415336, 0.06752453, 0.03729451, 0.05614636, 0.01346631, 0.06962108, 0.04133572, 0.07390178, 0.02299032, 0.05550146, 0.09541376, 0.05676322, 0.02080801, 0.03615332, 0.04814970, 0.06217128, 0.04953474, 0.01143686, 0.02829773, 0.06933595},
{0.07394573, 0.04956595, 0.05433647, 0.05605430, 0.01429603, 0.06740009, 0.03939514, 0.06530706, 0.02238777, 0.06412523, 0.09480926, 0.06158049, 0.02167912, 0.03998460, 0.04281644, 0.06896463, 0.05379533, 0.01086432, 0.03145339, 0.06723864},
{0.08371597, 0.05721089, 0.04147571, 0.06280276, 0.01327096, 0.07354822, 0.03858533, 0.06661758, 0.02263596, 0.05994720, 0.09232815, 0.05960220, 0.02090245, 0.03811526, 0.04392277, 0.06469122, 0.05284086, 0.01067138, 0.02917777, 0.06793735},
{0.07280578, 0.05467234, 0.04024668, 0.05052741, 0.03174693, 0.05769258, 0.03657246, 0.07173472, 0.02653867, 0.05481316, 0.09499888, 0.05379265, 0.02206887, 0.04642684, 0.04914075, 0.06922685, 0.05300634, 0.01271027, 0.03392299, 0.06735483},
{0.08152454, 0.06064224, 0.04089636, 0.06095384, 0.01213464, 0.08777139, 0.04335895, 0.06367071, 0.02124113, 0.05678122, 0.08879433, 0.06871513, 0.01986923, 0.03543973, 0.04429644, 0.06269554, 0.04948774, 0.00959632, 0.02678849, 0.06534205},
{0.08144524, 0.05713721, 0.04236247, 0.05557350, 0.01291314, 0.07125210, 0.05509415, 0.06588363, 0.02335953, 0.05535785, 0.09326588, 0.05912733, 0.02138107, 0.03579658, 0.04729394, 0.06650059, 0.05215837, 0.01071741, 0.02828543, 0.06509458},
{0.09135179, 0.05385005, 0.03745109, 0.05410561, 0.01424956, 0.06240213, 0.03524173, 0.08247009, 0.02260941, 0.05844818, 0.09248956, 0.05001254, 0.02214985, 0.03826953, 0.04892736, 0.06698243, 0.05652719, 0.01105035, 0.02812743, 0.07328412},
{0.08186882, 0.05721625, 0.04052152, 0.05566887, 0.01455184, 0.06645291, 0.04133492, 0.07025574, 0.02750842, 0.05716931, 0.09684522, 0.05432443, 0.02282868, 0.03899960, 0.04843989, 0.06397864, 0.05160378, 0.01151896, 0.03055508, 0.06835713},
{0.07681168, 0.05151416, 0.04324666, 0.05420158, 0.01289046, 0.06564617, 0.03528673, 0.07564183, 0.02278279, 0.06698235, 0.09786586, 0.06112178, 0.02230926, 0.04046622, 0.04467426, 0.06443715, 0.05411376, 0.01019676, 0.03124135, 0.06856919},
{0.08227423, 0.05485652, 0.03866172, 0.05222759, 0.01368419, 0.06503990, 0.03889962, 0.06966189, 0.02433512, 0.06043678, 0.10742876, 0.05436739, 0.02162410, 0.04090871, 0.04613980, 0.06414065, 0.05223232, 0.01134586, 0.03082664, 0.07090822},
{0.07407208, 0.05388103, 0.04502941, 0.05782722, 0.01355544, 0.07650776, 0.03920553, 0.06593247, 0.02087270, 0.06272026, 0.09041734, 0.07574696, 0.01989158, 0.03837675, 0.04331291, 0.06432976, 0.05129562, 0.00988927, 0.02932213, 0.06781379},
{0.08168282, 0.05273985, 0.04001244, 0.05263593, 0.01387268, 0.06637113, 0.03864872, 0.07295402, 0.02425424, 0.06061931, 0.10207816, 0.05497511, 0.02635795, 0.04074132, 0.04634381, 0.06266255, 0.05343466, 0.01028801, 0.03024598, 0.06908130},
{0.07713820, 0.05069401, 0.04144301, 0.05295943, 0.01497624, 0.06422609, 0.03658696, 0.06940198, 0.02358192, 0.06222406, 0.10247983, 0.05736223, 0.02283967, 0.04489222, 0.04622884, 0.06436281, 0.05260035, 0.01237033, 0.03419322, 0.06943860},
{0.08378232, 0.05520974, 0.03604811, 0.05228309, 0.01473082, 0.06473164, 0.04117884, 0.07277473, 0.02312111, 0.05682453, 0.09530553, 0.05194547, 0.02141214, 0.03694619, 0.06050732, 0.06847256, 0.05494636, 0.01231697, 0.02831798, 0.06914455},
{0.07959335, 0.05406612, 0.04179377, 0.05305477, 0.01417090, 0.06385444, 0.03965100, 0.06637747, 0.02216414, 0.05945256, 0.09795406, 0.05518330, 0.02134809, 0.03927782, 0.04892887, 0.07912501, 0.05579810, 0.01088482, 0.02922313, 0.06809830},
{0.08649802, 0.05275248, 0.04109370, 0.05304912, 0.01428321, 0.06481327, 0.03852464, 0.07110006, 0.02303289, 0.05858596, 0.09802838, 0.05523781, 0.02272646, 0.03843215, 0.04692568, 0.06793900, 0.05850374, 0.01086273, 0.02964655, 0.06796415},
{0.08150135, 0.05343586, 0.03881333, 0.05216071, 0.01828414, 0.06289099, 0.03736068, 0.07079204, 0.02355882, 0.05751390, 0.10260594, 0.05381670, 0.02303511, 0.04216919, 0.04886775, 0.06137056, 0.04969233, 0.01862743, 0.03436907, 0.06913410},
{0.07327578, 0.05281983, 0.04441470, 0.05545259, 0.01443826, 0.06682643, 0.03831492, 0.07022026, 0.02370760, 0.06146103, 0.09624247, 0.06068689, 0.02267468, 0.04125149, 0.04653192, 0.06413628, 0.05282745, 0.01247921, 0.03580491, 0.06643328},
{0.08448492, 0.05471451, 0.03972314, 0.05434773, 0.01294595, 0.06537217, 0.03661019, 0.08022204, 0.02299203, 0.05873251, 0.09624714, 0.05670630, 0.02241557, 0.03837656, 0.04894549, 0.06183288, 0.05460241, 0.01048029, 0.02864123, 0.07160694},
},{
{0.09840333, 0.05642014, 0.03633389, 0.05381746, 0.01281596, 0.06693415, 0.03878189, 0.07524777, 0.02265417, 0.05693230, 0.09795159, 0.05345993, 0.02125086, 0.03665093, 0.04762706, 0.06178779, 0.05202734, 0.01081519, 0.02696399, 0.07312423},
{0.08523733, 0.06665068, 0.03740698, 0.05574747, 0.01355163, 0.07019725, 0.04129073, 0.06962979, 0.02340860, 0.05484903, 0.09663961, 0.05606481, 0.02165910, 0.03673873, 0.04716084, 0.06327704, 0.05155451, 0.01069980, 0.02857796, 0.06965813},
{0.07482402, 0.05141747, 0.05442076, 0.05568934, 0.01487097, 0.06659564, 0.03907733, 0.06544807, 0.02224384, 0.06316729, 0.09479077, 0.06091930, 0.02185013, 0.03940231, 0.04387789, 0.06884785, 0.05467938, 0.01071998, 0.03159464, 0.06556303},
{0.08433515, 0.05608661, 0.04059346, 0.06171818, 0.01328265, 0.07291789, 0.03873127, 0.06737943, 0.02288167, 0.05940429, 0.09569558, 0.05730156, 0.02150106, 0.03717781, 0.04394489, 0.06465652, 0.05281558, 0.01066129, 0.02958066, 0.06933444},
{0.07573860, 0.05396190, 0.04132291, 0.05444582, 0.02583483, 0.06152553, 0.03755036, 0.07323025, 0.02587959, 0.05586786, 0.09340239, 0.05493900, 0.02134180, 0.03946943, 0.05105839, 0.07218910, 0.05395379, 0.01209911, 0.03071607, 0.06547328},
{0.08235757, 0.05722803, 0.04020086, 0.05929420, 0.01333185, 0.08348131, 0.04141667, 0.06367511, 0.02232143, 0.05825258, 0.09418807, 0.06413025, 0.02107938, 0.03550351, 0.04323169, 0.06215022, 0.05165154, 0.01008866, 0.02932418, 0.06709287},
{0.08215282, 0.05622651, 0.04154924, 0.05408903, 0.01334406, 0.07049018, 0.05315422, 0.06383145, 0.02290328, 0.05584846, 0.09704897, 0.05919092, 0.02151715, 0.03656378, 0.04711494, 0.06652270, 0.05256585, 0.01103438, 0.02849897, 0.06635308},
{0.08758405, 0.05599717, 0.03842416, 0.05418640, 0.01423441, 0.06375589, 0.03631232, 0.08070884, 0.02272432, 0.05820731, 0.09555488, 0.05189649, 0.02279164, 0.03765334, 0.04931161, 0.06458082, 0.05529024, 0.01164297, 0.02836881, 0.07077432},
{0.08358707, 0.05619891, 0.03857951, 0.05712014, 0.01751478, 0.06540583, 0.04062513, 0.07324736, 0.02746756, 0.05642542, 0.09517680, 0.05601443, 0.02246186, 0.03856480, 0.04758163, 0.06453574, 0.05275195, 0.01088521, 0.03001664, 0.06583923},
{0.07730962, 0.05114649, 0.04381554, 0.05466876, 0.01308255, 0.06634779, 0.03661754, 0.07451119, 0.02280015, 0.06709400, 0.09615307, 0.06153904, 0.02192348, 0.04127112, 0.04500174, 0.06379962, 0.05347709, 0.01046122, 0.03017230, 0.06880768},
{0.08089859, 0.05459970, 0.03919281, 0.05284808, 0.01325303, 0.06678559, 0.03956991, 0.07253388, 0.02297047, 0.06115435, 0.10355650, 0.05603123, 0.02123866, 0.04042937, 0.04738297, 0.06408355, 0.05143587, 0.01114390, 0.02891817, 0.07197337},
{0.07524925, 0.05354281, 0.04387865, 0.05716426, 0.01318558, 0.07538010, 0.03939237, 0.06546589, 0.02128232, 0.06257785, 0.09195896, 0.07454433, 0.02089806, 0.03860140, 0.04294081, 0.06523659, 0.05185255, 0.00978653, 0.02999541, 0.06706627},
{0.08292891, 0.05443717, 0.04015759, 0.05238778, 0.01271747, 0.06455968, 0.03837048, 0.07405832, 0.02313832, 0.06251843, 0.09754463, 0.05651472, 0.02534306, 0.04096643, 0.04637641, 0.06388321, 0.05212919, 0.01082194, 0.03081380, 0.07033246},
{0.07674279, 0.05176838, 0.04144049, 0.05362866, 0.01401653, 0.06214002, 0.03677754, 0.07122015, 0.02331973, 0.06326998, 0.10093954, 0.05628367, 0.02277161, 0.04645835, 0.04664716, 0.06475692, 0.05335081, 0.01213643, 0.03248793, 0.06984331},
{0.08520629, 0.05563603, 0.03858926, 0.05396778, 0.01427386, 0.06585218, 0.04104833, 0.07195947, 0.02289171, 0.05389128, 0.09284474, 0.05470531, 0.02135446, 0.03769638, 0.05981529, 0.06852338, 0.05508291, 0.01120703, 0.02855977, 0.06689455},
{0.08029488, 0.05361272, 0.04166450, 0.05300435, 0.01466803, 0.06504842, 0.03961791, 0.06783975, 0.02222552, 0.05779492, 0.09750347, 0.05623970, 0.02104799, 0.03897252, 0.04867733, 0.07953110, 0.05531384, 0.01098835, 0.02888879, 0.06706588},
{0.08510614, 0.05420600, 0.04039094, 0.05289136, 0.01354530, 0.06414244, 0.03914230, 0.07214653, 0.02297290, 0.05919640, 0.09662030, 0.05634072, 0.02192005, 0.03886874, 0.04688291, 0.06700301, 0.05821892, 0.01109605, 0.03026420, 0.06904481},
{0.08004257, 0.05739625, 0.03776436, 0.05232470, 0.01583871, 0.06135922, 0.03828352, 0.07190389, 0.02508646, 0.05853849, 0.10032535, 0.05385143, 0.02183196, 0.04283494, 0.05281751, 0.06266882, 0.05038615, 0.01696925, 0.03234004, 0.06743639},
{0.07471595, 0.05448077, 0.04389889, 0.05654801, 0.01442367, 0.06554001, 0.03782299, 0.07189935, 0.02455996, 0.06140880, 0.09352522, 0.05920047, 0.02273912, 0.04230483, 0.04750898, 0.06401931, 0.05285149, 0.01223713, 0.03408943, 0.06622564},
{0.08433066, 0.05487659, 0.03973059, 0.05538343, 0.01303573, 0.06680893, 0.03712497, 0.07942792, 0.02280402, 0.05854842, 0.09538201, 0.05617276, 0.02144019, 0.03811681, 0.04802897, 0.06327395, 0.05362115, 0.01094883, 0.02959717, 0.07134693},
},{
{0.09532979, 0.05704478, 0.03651935, 0.05396592, 0.01249078, 0.06597846, 0.03853588, 0.07630459, 0.02223521, 0.05709092, 0.09811480, 0.05471413, 0.02134798, 0.03645255, 0.04839823, 0.06158655, 0.05296872, 0.01083760, 0.02704243, 0.07304134},
{0.08533454, 0.06517350, 0.03765821, 0.05482939, 0.01362193, 0.06962071, 0.04003972, 0.07156277, 0.02357767, 0.05562191, 0.09685577, 0.05575656, 0.02103703, 0.03703333, 0.04820894, 0.06324314, 0.05131438, 0.01105508, 0.02867229, 0.06978312},
{0.07373536, 0.05040809, 0.05372898, 0.05632745, 0.01417299, 0.06641910, 0.04021390, 0.06741307, 0.02338874, 0.06310769, 0.09576089, 0.06217137, 0.02120952, 0.03904946, 0.04368221, 0.06901796, 0.05474072, 0.01050722, 0.03054506, 0.06440021},
{0.08412135, 0.05687773, 0.04086436, 0.05954598, 0.01348696, 0.07197336, 0.03882058, 0.07100847, 0.02294981, 0.05808370, 0.09499118, 0.05859205, 0.02138121, 0.03758628, 0.04442144, 0.06395261, 0.05251893, 0.01042183, 0.03037481, 0.06802735},
{0.07522732, 0.05708367, 0.04152396, 0.05513054, 0.02754615, 0.06452724, 0.03939237, 0.07130755, 0.02562741, 0.05359192, 0.09266482, 0.05744215, 0.02091380, 0.03831073, 0.04845531, 0.06888392, 0.05282280, 0.01305688, 0.03138286, 0.06510862},
