Lag1:
0.10452083 0.05672678 0.03429429 0.05327689 0.01270466 0.06757000 0.03967570 0.07513996 0.02078253 0.05709448 0.10293488 0.05537537 0.02316126 0.03585268 0.04199822 0.06139486 0.05111677 0.01011695 0.02545442 0.07080847
0.07942561 0.06971090 0.03850791 0.05458476 0.01314050 0.07067420 0.04204955 0.06573952 0.02484383 0.05932411 0.09873478 0.05770319 0.02203117 0.04092283 0.04476492 0.05990441 0.04770669 0.01150223 0.03125737 0.06747153
0.07310381 0.04867434 0.05527257 0.05008322 0.01406871 0.06063838 0.03868444 0.06958389 0.02202264 0.06835872 0.09439682 0.05973865 0.02149504 0.04084407 0.05580093 0.06539643 0.05097633 0.01167181 0.03278708 0.06640214
0.08120785 0.05065096 0.03760141 0.05723725 0.01310350 0.07311173 0.03270457 0.07058952 0.02078115 0.06692936 0.09998814 0.05442894 0.02163339 0.04374126 0.04728767 0.06028157 0.04869385 0.01286210 0.03432164 0.07284416
0.06826234 0.05663303 0.04058081 0.05447194 0.02315564 0.05780566 0.03884104 0.08882843 0.02777887 0.05297383 0.09244178 0.05123556 0.01786002 0.04082511 0.05469970 0.07474750 0.05108410 0.01242497 0.03205032 0.06329935
0.08545449 0.05920324 0.04372515 0.05466390 0.01137124 0.08486972 0.04256586 0.06134260 0.02124077 0.06456036 0.09728424 0.07063914 0.02372600 0.03479720 0.03502393 0.05303019 0.05055613 0.01020293 0.02711861 0.06862428
0.08825198 0.06049299 0.03905646 0.04572371 0.01258651 0.06617973 0.06082490 0.06359534 0.02439957 0.05805341 0.10162219 0.05842432 0.02316318 0.03556404 0.04752021 0.05775222 0.05009581 0.01155441 0.02803747 0.06710155
0.07893964 0.05677506 0.03642077 0.05272362 0.01440362 0.06229073 0.03654628 0.08093116 0.02419289 0.06245455 0.09187022 0.06244697 0.02359422 0.04172033 0.03887111 0.06588575 0.05466590 0.01212503 0.03124075 0.07190140
0.07281012 0.05746152 0.03823293 0.04654178 0.01686693 0.05307990 0.04191980 0.07575702 0.03293573 0.06079214 0.10316678 0.04675193 0.01996923 0.04471539 0.06149417 0.06487069 0.05203414 0.01184509 0.03465489 0.06409983
0.08370872 0.05259430 0.04528191 0.06240412 0.01472967 0.06970931 0.03542936 0.06948297 0.02231626 0.06159011 0.08953058 0.05944551 0.01873817 0.03710454 0.04835981 0.06754235 0.05681684 0.00930485 0.02896947 0.06694116
0.08746378 0.05768888 0.04084338 0.05601959 0.01366900 0.06690917 0.04033282 0.06836040 0.02308416 0.05380065 0.09849552 0.05968197 0.02038650 0.03732348 0.05097348 0.06951727 0.05450934 0.01004326 0.02620400 0.06469332
0.07949652 0.05692971 0.04592930 0.05491970 0.01144267 0.07760314 0.03985002 0.06194759 0.02073147 0.06305896 0.09201223 0.07652123 0.02115278 0.03245940 0.04416611 0.05992941 0.05446466 0.00953243 0.03041788 0.06743479
0.09626810 0.05377768 0.04406748 0.05423476 0.01121517 0.06446838 0.03848335 0.06983900 0.02102392 0.05538098 0.09143326 0.06423035 0.02596050 0.03373895 0.04776250 0.07080691 0.05771180 0.00814509 0.02403599 0.06741582
0.07414978 0.04927346 0.04302815 0.06242500 0.01692150 0.06246950 0.03506103 0.07506835 0.02354070 0.06023187 0.09554372 0.05274301 0.02029137 0.04336182 0.04340004 0.07537263 0.05594999 0.01189556 0.03252635 0.06674618
0.08152709 0.04874361 0.03714081 0.05492652 0.01228510 0.07665528 0.04036294 0.07621813 0.02319137 0.05063658 0.09093552 0.04992748 0.01959084 0.03907820 0.05805052 0.07093434 0.05438720 0.01128336 0.02971494 0.07441016
0.07416160 0.05361291 0.04014541 0.05203781 0.01461371 0.05928184 0.03903468 0.07667720 0.02304176 0.05646951 0.09747459 0.05429443 0.02058879 0.04095776 0.05033848 0.08612362 0.05526162 0.01151374 0.02896701 0.06540353
0.08106889 0.04976005 0.03785480 0.05178891 0.01426970 0.05927009 0.03545670 0.07743632 0.02261719 0.06004066 0.10205585 0.05019484 0.02017860 0.03936740 0.05738902 0.06755164 0.06052867 0.01111694 0.02783881 0.07421492
0.07129315 0.06052444 0.04512751 0.05557795 0.01540593 0.05756431 0.04898136 0.06398234 0.02498538 0.05878104 0.11175360 0.05704664 0.02472204 0.04244113 0.03859770 0.06271493 0.04967427 0.01583645 0.03077207 0.06421773
0.07075493 0.05847651 0.04364986 0.05829265 0.01647378 0.06161376 0.04260393 0.07487399 0.02505543 0.05749558 0.09733280 0.05316863 0.01941481 0.04477455 0.04529928 0.06620686 0.05254412 0.01223603 0.03503200 0.06470049
0.08550617 0.05354132 0.03945991 0.05828831 0.01432171 0.06901700 0.03435503 0.06648363 0.02074761 0.06135488 0.09616995 0.05708226 0.02187516 0.03754588 0.04745125 0.06553716 0.05787331 0.01015347 0.02711857 0.07611741

1.000000