double a_20[20][20][20]={{
{0.10411923, 0.05644417, 0.03452966, 0.05391285, 0.01278074, 0.06808718, 0.03977786, 0.07509370, 0.02092458, 0.05701297, 0.10230128, 0.05491661, 0.02351771, 0.03599198, 0.04177668, 0.06110597, 0.05101931, 0.01016962, 0.02585095, 0.07066694},
{0.07994245, 0.06858338, 0.03838419, 0.05539228, 0.01325211, 0.07143406, 0.04228726, 0.06623783, 0.02483160, 0.05881254, 0.09862315, 0.05669245, 0.02234192, 0.04112174, 0.04466193, 0.05974312, 0.04743531, 0.01150763, 0.03148633, 0.06722873},
{0.07355452, 0.04842139, 0.05542159, 0.05026493, 0.01421289, 0.06079019, 0.03850078, 0.07028235, 0.02201939, 0.06778397, 0.09420162, 0.05908045, 0.02178202, 0.04079284, 0.05571569, 0.06515272, 0.05075840, 0.01169256, 0.03290672, 0.06666497},
{0.08140149, 0.05071267, 0.03759121, 0.05755816, 0.01319009, 0.07347031, 0.03256188, 0.07090683, 0.02067660, 0.06680086, 0.09984094, 0.05403433, 0.02187639, 0.04348149, 0.04714851, 0.05987618, 0.04865855, 0.01288428, 0.03431018, 0.07301904},
{0.06809178, 0.05671087, 0.04114051, 0.05485769, 0.02268860, 0.05856917, 0.03900622, 0.08842955, 0.02827571, 0.05309033, 0.09112488, 0.05135014, 0.01809718, 0.04061412, 0.05448603, 0.07430764, 0.05135565, 0.01248093, 0.03243681, 0.06288618},
{0.08598395, 0.05915091, 0.04370674, 0.05522838, 0.01147975, 0.08512398, 0.04221838, 0.06164576, 0.02126843, 0.06417778, 0.09683947, 0.07005855, 0.02391963, 0.03470729, 0.03511201, 0.05287509, 0.05032221, 0.01024951, 0.02715647, 0.06877571},
{0.08857974, 0.06035287, 0.03904832, 0.04575320, 0.01265930, 0.06656315, 0.06066841, 0.06412543, 0.02437156, 0.05777105, 0.10136090, 0.05800052, 0.02345988, 0.03564587, 0.04743632, 0.05758952, 0.04969445, 0.01154924, 0.02801992, 0.06735035},
{0.07901858, 0.05639674, 0.03631536, 0.05335088, 0.01433348, 0.06297888, 0.03663755, 0.08085324, 0.02415026, 0.06243996, 0.09176613, 0.06158456, 0.02379385, 0.04190075, 0.03864328, 0.06544770, 0.05435176, 0.01226170, 0.03169235, 0.07208300},
{0.07327435, 0.05710239, 0.03834558, 0.04670472, 0.01701415, 0.05323463, 0.04193412, 0.07610846, 0.03314140, 0.06017838, 0.10288857, 0.04650137, 0.02028422, 0.04462409, 0.06086598, 0.06477512, 0.05205684, 0.01187085, 0.03500868, 0.06408610},
{0.08355270, 0.05226452, 0.04558515, 0.06287997, 0.01488445, 0.07032202, 0.03562865, 0.06917930, 0.02256314, 0.06064819, 0.08874284, 0.05903888, 0.01900904, 0.03692763, 0.04896002, 0.06758708, 0.05685744, 0.00936543, 0.02941991, 0.06658363},
{0.08747311, 0.05797035, 0.04112519, 0.05670586, 0.01365210, 0.06797106, 0.04062768, 0.06870067, 0.02335393, 0.05316343, 0.09632043, 0.05972681, 0.02061557, 0.03692133, 0.05114167, 0.06932263, 0.05428006, 0.00997860, 0.02651177, 0.06443773},
{0.08026752, 0.05610233, 0.04602211, 0.05593305, 0.01155515, 0.07866973, 0.03966165, 0.06257583, 0.02088312, 0.06193028, 0.09217190, 0.07504655, 0.02130939, 0.03243713, 0.04426354, 0.05955982, 0.05390171, 0.00959196, 0.03065437, 0.06746287},
{0.08886065, 0.05440279, 0.04210241, 0.05607792, 0.01227385, 0.06595054, 0.03955707, 0.07378875, 0.02251128, 0.05641044, 0.09646141, 0.05929982, 0.02770806, 0.03530907, 0.04848617, 0.06067845, 0.05336969, 0.00871768, 0.02593085, 0.07210311},
{0.07425078, 0.04933703, 0.04333704, 0.06247448, 0.01678706, 0.06296903, 0.03510406, 0.07516427, 0.02390960, 0.05972894, 0.09433973, 0.05261851, 0.02058631, 0.04321794, 0.04345825, 0.07501181, 0.05597488, 0.01195944, 0.03289164, 0.06687921},
{0.08085424, 0.04808522, 0.03727028, 0.05518217, 0.01233298, 0.07737361, 0.04061790, 0.07658355, 0.02324973, 0.05043145, 0.09052510, 0.04954223, 0.01974802, 0.03908684, 0.05820581, 0.07066375, 0.05416338, 0.01128057, 0.03007384, 0.07472933},
{0.07401520, 0.05312717, 0.04037737, 0.05249579, 0.01459222, 0.05950186, 0.03910028, 0.07701951, 0.02306321, 0.05647982, 0.09713123, 0.05383493, 0.02087254, 0.04083824, 0.05033619, 0.08574372, 0.05510427, 0.01157509, 0.02937094, 0.06542043},
{0.08092457, 0.04943382, 0.03793946, 0.05221717, 0.01442294, 0.05953991, 0.03519839, 0.07802131, 0.02271010, 0.05968688, 0.10142426, 0.04976676, 0.02051430, 0.03947070, 0.05742990, 0.06735921, 0.06003984, 0.01125128, 0.02825649, 0.07439272},
{0.07116434, 0.06070795, 0.04550096, 0.05632980, 0.01559482, 0.05828529, 0.04831988, 0.06338404, 0.02494080, 0.05842514, 0.11043581, 0.05689269, 0.02497155, 0.04236067, 0.03856525, 0.06288116, 0.04996342, 0.01580906, 0.03086231, 0.06460505},
{0.07082995, 0.05819311, 0.04384108, 0.05822587, 0.01649422, 0.06174863, 0.04241173, 0.07547175, 0.02528805, 0.05718450, 0.09678832, 0.05281399, 0.01970519, 0.04479484, 0.04513294, 0.06606760, 0.05258632, 0.01222255, 0.03506951, 0.06512985},
{0.08527600, 0.05353206, 0.03969430, 0.05876480, 0.01436294, 0.06966682, 0.03460823, 0.06644699, 0.02092039, 0.06093464, 0.09515772, 0.05672939, 0.02217563, 0.03749746, 0.04799460, 0.06523138, 0.05771662, 0.01025984, 0.02741334, 0.07561682}
},{
{0.10438144, 0.06007747, 0.03519941, 0.04944850, 0.01306050, 0.06738001, 0.03998953, 0.07514796, 0.02180696, 0.05769496, 0.10045632, 0.05625723, 0.02264351, 0.03553307, 0.04174478, 0.06026318, 0.05043636, 0.00995652, 0.02706723, 0.07145506},
{0.08530764, 0.06866643, 0.03489492, 0.04728118, 0.01347459, 0.06246026, 0.03950716, 0.07444388, 0.02470373, 0.06063424, 0.10862335, 0.05448103, 0.02324793, 0.03990229, 0.04361460, 0.05817467, 0.04777629, 0.01259028, 0.03067366, 0.06954185},
{0.06870887, 0.04801296, 0.05551239, 0.05557147, 0.01327376, 0.06318904, 0.03805185, 0.06039745, 0.02190612, 0.06852603, 0.10124504, 0.06075093, 0.02113137, 0.04175173, 0.04783213, 0.06704578, 0.05670158, 0.01108949, 0.03244227, 0.06685973},
{0.07977237, 0.04886501, 0.03873602, 0.06115853, 0.01304389, 0.06935621, 0.03539628, 0.05870554, 0.02051398, 0.06926055, 0.10606527, 0.05427747, 0.02193288, 0.04119650, 0.04468525, 0.06319397, 0.05064602, 0.01116268, 0.03154363, 0.08048793},
{0.07549267, 0.05445670, 0.04454338, 0.05358563, 0.02476676, 0.06422235, 0.03908661, 0.07264634, 0.02558624, 0.05578339, 0.08662360, 0.05804375, 0.02051420, 0.03930477, 0.05055737, 0.07067463, 0.05215381, 0.01124591, 0.03036530, 0.07034660},
{0.08337741, 0.05241879, 0.03469921, 0.05113980, 0.01359722, 0.07662396, 0.03740749, 0.06748505, 0.01928685, 0.06860127, 0.11203625, 0.05898892, 0.02490401, 0.04148946, 0.03925606, 0.05495862, 0.04765549, 0.01092773, 0.03062611, 0.07452030},
{0.08190046, 0.05616412, 0.03696757, 0.04600568, 0.01308222, 0.06432324, 0.05532950, 0.06524729, 0.02306967, 0.06335206, 0.11426230, 0.05439854, 0.02365714, 0.03911243, 0.04486185, 0.05952635, 0.04729782, 0.01155619, 0.02950745, 0.07037814},
{0.07943670, 0.05365375, 0.03705433, 0.05499555, 0.01423335, 0.05751221, 0.03300672, 0.08404594, 0.02118653, 0.06165936, 0.08932086, 0.05382022, 0.02242505, 0.03798654, 0.05448482, 0.06740202, 0.06029947, 0.01104536, 0.02985544, 0.07657578},
{0.07612643, 0.05492806, 0.04022403, 0.05942165, 0.01471520, 0.06171661, 0.03931975, 0.07298521, 0.03246316, 0.05930844, 0.10232453, 0.05008007, 0.02112821, 0.04113474, 0.04959035, 0.06294936, 0.04941411, 0.01210391, 0.03061630, 0.06944989},
{0.08304617, 0.05646610, 0.04814811, 0.06130702, 0.01306950, 0.07480969, 0.04113577, 0.07356646, 0.02376013, 0.05330718, 0.08062782, 0.06290815, 0.01943205, 0.03654875, 0.04602607, 0.06788960, 0.05630024, 0.00958022, 0.02855341, 0.06351755},
{0.08628170, 0.05918618, 0.04433224, 0.06161168, 0.01318663, 0.07761302, 0.04429320, 0.07132223, 0.02413702, 0.04993501, 0.08766583, 0.06313723, 0.01975584, 0.03487125, 0.04752889, 0.06661184, 0.05074078, 0.01054287, 0.02673970, 0.06050687},
{0.07634519, 0.05278933, 0.04109153, 0.04823735, 0.01301494, 0.06551039, 0.03697029, 0.06837984, 0.02135971, 0.06958475, 0.10539530, 0.07175409, 0.02303107, 0.04202699, 0.03984675, 0.05956285, 0.05052205, 0.01116250, 0.03326493, 0.07015017},
{0.08385548, 0.05811916, 0.04093185, 0.05781972, 0.01354572, 0.07503430, 0.04269248, 0.07139471, 0.02395167, 0.05421290, 0.08910836, 0.06037687, 0.02569554, 0.03975459, 0.04427775, 0.06255527, 0.05118870, 0.01109489, 0.02995703, 0.06443298},
{0.07549168, 0.05490183, 0.04768361, 0.06195753, 0.01469030, 0.06929592, 0.04134897, 0.07407223, 0.02513720, 0.05388471, 0.08464902, 0.06095264, 0.01990299, 0.03985213, 0.04955983, 0.06839433, 0.05410803, 0.01130965, 0.02981135, 0.06299604},
{0.07953601, 0.05003063, 0.03626496, 0.05235318, 0.01414397, 0.06119303, 0.03803035, 0.07409666, 0.02472344, 0.05640498, 0.09324333, 0.04814853, 0.02202086, 0.03962242, 0.06732201, 0.07094879, 0.05894886, 0.01221020, 0.03031702, 0.07044077},
{0.07678911, 0.05101488, 0.04107251, 0.05338464, 0.01442930, 0.06456287, 0.03737933, 0.06930738, 0.02179773, 0.05918390, 0.09910785, 0.05337006, 0.02106679, 0.03986714, 0.05057327, 0.08491639, 0.05545490, 0.01135518, 0.03022167, 0.06514511},
{0.08284912, 0.05328259, 0.04078978, 0.05484462, 0.01345932, 0.07140327, 0.03773711, 0.06789007, 0.02286505, 0.05724182, 0.09368567, 0.05718658, 0.02107818, 0.03786577, 0.04960560, 0.07011389, 0.06380596, 0.01051846, 0.02828971, 0.06548745},
{0.07584192, 0.06021652, 0.04384166, 0.05930526, 0.01577678, 0.06839799, 0.04409330, 0.07218547, 0.02478464, 0.05006859, 0.08747933, 0.06141317, 0.02142103, 0.03924814, 0.05168464, 0.06484875, 0.05225492, 0.01649993, 0.02951465, 0.06112331},
{0.07303224, 0.05615324, 0.04709871, 0.06095566, 0.01668863, 0.06554452, 0.04134828, 0.07111783, 0.02666428, 0.05680224, 0.08954688, 0.05994525, 0.02044584, 0.04015578, 0.04883582, 0.06491816, 0.05340921, 0.01150380, 0.03321653, 0.06261711},
{0.08968366, 0.05569249, 0.04078857, 0.06086932, 0.01394812, 0.07207066, 0.03745612, 0.07628343, 0.02252752, 0.05442304, 0.08631958, 0.05575243, 0.02089813, 0.03703489, 0.04605595, 0.06512736, 0.05433503, 0.00980807, 0.02732052, 0.07360510}
},{
{0.10333234, 0.05786066, 0.03639537, 0.05249531, 0.01266001, 0.06739017, 0.03955478, 0.07336257, 0.02231730, 0.05786198, 0.09995568, 0.05333198, 0.02233712, 0.03615198, 0.04560611, 0.06036094, 0.05146692, 0.01016223, 0.02693367, 0.07046287},
{0.08583757, 0.06804854, 0.03643541, 0.05643833, 0.01237376, 0.07108932, 0.04144983, 0.07296827, 0.02252475, 0.05515760, 0.09817674, 0.05652293, 0.02159219, 0.03809951, 0.04431115, 0.06330274, 0.04946728, 0.01103037, 0.02821496, 0.06695874},
{0.06825499, 0.05159302, 0.05564438, 0.05453479, 0.01319869, 0.06317040, 0.03806626, 0.06365279, 0.02172352, 0.06703381, 0.09758945, 0.06373276, 0.02031975, 0.04166456, 0.04359238, 0.06740823, 0.05510773, 0.01102345, 0.03273290, 0.06995615},
{0.07911302, 0.06077170, 0.04064608, 0.05844789, 0.01212712, 0.06875935, 0.03600329, 0.06661787, 0.02184286, 0.06332183, 0.09288984, 0.06498839, 0.02025579, 0.03874049, 0.04228464, 0.06235957, 0.05636075, 0.01084654, 0.03031224, 0.07331073},
{0.07390399, 0.04742564, 0.04129332, 0.05182268, 0.05276218, 0.05483490, 0.03362615, 0.07514155, 0.02609129, 0.05621973, 0.09563052, 0.04836947, 0.02170448, 0.03970413, 0.05106117, 0.06668373, 0.05376940, 0.01204019, 0.03216021, 0.06575526},
{0.08310271, 0.06765873, 0.03879590, 0.05797539, 0.01149900, 0.08491628, 0.04285108, 0.06331285, 0.02013474, 0.05610291, 0.09033290, 0.07655811, 0.01946890, 0.03523519, 0.04274559, 0.05975086, 0.04860354, 0.00979116, 0.02719461, 0.06396956},
{0.08258475, 0.05796448, 0.04043671, 0.05392174, 0.01270766, 0.07240698, 0.05674978, 0.06450450, 0.02306651, 0.05708746, 0.09761829, 0.05839339, 0.02100063, 0.03673358, 0.04632473, 0.06492318, 0.05011038, 0.01084511, 0.02793237, 0.06468778},
{0.08316964, 0.05153590, 0.03425429, 0.04834440, 0.01403312, 0.05575890, 0.03221386, 0.08410715, 0.02327853, 0.06506711, 0.09527114, 0.04856659, 0.02198043, 0.04170938, 0.05144632, 0.06419988, 0.05735938, 0.01105534, 0.03083907, 0.08580957},
{0.07474276, 0.05780914, 0.04258705, 0.05491894, 0.01573546, 0.06568008, 0.04118344, 0.07045062, 0.03205656, 0.05554882, 0.09353723, 0.05267598, 0.02143595, 0.04050934, 0.04995080, 0.06625764, 0.05505067, 0.01187417, 0.03134822, 0.06664712},
{0.08283034, 0.04777050, 0.04583090, 0.05688309, 0.01376976, 0.06537247, 0.03598246, 0.07750791, 0.02306088, 0.06528949, 0.09970748, 0.05573505, 0.02289622, 0.03974289, 0.04329708, 0.06380864, 0.05339664, 0.01082943, 0.02991061, 0.06637816},
{0.08715053, 0.05415324, 0.03996256, 0.05368281, 0.01399347, 0.06787048, 0.04030708, 0.07052670, 0.02443200, 0.05849194, 0.10804346, 0.05570891, 0.02340190, 0.03902120, 0.04433714, 0.06377191, 0.04987819, 0.01139871, 0.02996656, 0.06390121},
{0.07378793, 0.05341514, 0.04383917, 0.05801351, 0.01150844, 0.08184537, 0.04134226, 0.06618891, 0.02041281, 0.06219367, 0.09286514, 0.07682054, 0.01930461, 0.03812748, 0.04254729, 0.06318343, 0.04928144, 0.00956715, 0.02908248, 0.06667322},
{0.08756230, 0.05261175, 0.04080676, 0.05464380, 0.01444283, 0.06489066, 0.03779658, 0.07281820, 0.02375586, 0.05804833, 0.10051281, 0.05347676, 0.02799412, 0.04033559, 0.04282755, 0.06380244, 0.05220013, 0.01164335, 0.03115593, 0.06867427},
{0.07682366, 0.05089067, 0.04404463, 0.05811898, 0.01403284, 0.06546913, 0.03712881, 0.06999591, 0.02451687, 0.05811898, 0.09887088, 0.05503490, 0.02405314, 0.04471576, 0.04874982, 0.06692309, 0.05255314, 0.01309678, 0.03230375, 0.06455826},
{0.08088213, 0.05539475, 0.03377277, 0.04954566, 0.01463036, 0.06291874, 0.03993740, 0.06616845, 0.02235218, 0.05910571, 0.09298768, 0.05202547, 0.02138595, 0.03795982, 0.06800517, 0.06881259, 0.05777661, 0.01174512, 0.02916738, 0.07542605},
{0.07558799, 0.05206173, 0.04317664, 0.05717973, 0.01377256, 0.06920780, 0.04085021, 0.06837883, 0.02264340, 0.05554788, 0.09178288, 0.05502109, 0.02030297, 0.03842080, 0.05148029, 0.08320130, 0.05640650, 0.01081711, 0.02924112, 0.06491918},
{0.08134535, 0.05198438, 0.04251307, 0.05690993, 0.01351413, 0.06877735, 0.04154632, 0.07298005, 0.02305558, 0.05719407, 0.08905988, 0.05407164, 0.02109982, 0.03775230, 0.05044435, 0.06928017, 0.06065392, 0.01092659, 0.02898352, 0.06790758},
{0.07727770, 0.05697093, 0.04334721, 0.05864182, 0.01372052, 0.06528714, 0.03926829, 0.07626107, 0.02443583, 0.04891732, 0.09296545, 0.05313177, 0.02244526, 0.04240008, 0.05376915, 0.06588381, 0.05018364, 0.01680615, 0.03230726, 0.06597961},
{0.07201949, 0.05268411, 0.04542679, 0.06001734, 0.01407859, 0.06768329, 0.03972195, 0.06836365, 0.02370749, 0.05933385, 0.09329534, 0.05845250, 0.02304814, 0.04110220, 0.04921269, 0.06658142, 0.05267619, 0.01162189, 0.03558675, 0.06538633},
{0.08884968, 0.05010478, 0.04033402, 0.05728695, 0.01392674, 0.06475605, 0.03524683, 0.08044439, 0.02311914, 0.05881750, 0.09602656, 0.05219605, 0.02324463, 0.03704280, 0.04692330, 0.06431886, 0.05468060, 0.01082976, 0.02867993, 0.07317142}
},{
{0.11479810, 0.05679980, 0.03402329, 0.05169706, 0.01246753, 0.06490185, 0.03757367, 0.08115281, 0.02180606, 0.05385700, 0.09657867, 0.05226805, 0.02096806, 0.03510777, 0.04545286, 0.06145419, 0.05067463, 0.01048334, 0.02722173, 0.07071356},
{0.08266396, 0.06756455, 0.03638573, 0.05598990, 0.01292213, 0.07904448, 0.04161044, 0.06856183, 0.02244239, 0.05723762, 0.09661126, 0.05513468, 0.02143788, 0.03606203, 0.04795336, 0.06266481, 0.04941118, 0.01105213, 0.02812120, 0.06712844},
{0.07304038, 0.05073018, 0.05552994, 0.05258455, 0.01335436, 0.06475113, 0.03981878, 0.06208423, 0.02250895, 0.06671271, 0.09241137, 0.06240988, 0.02183298, 0.04115880, 0.04272048, 0.06948228, 0.05558649, 0.01146957, 0.03252968, 0.06928326},
{0.08487450, 0.05992677, 0.04099653, 0.05809671, 0.01289086, 0.07141234, 0.03917436, 0.06124015, 0.02207536, 0.06226315, 0.09398140, 0.06019516, 0.02123615, 0.04005448, 0.04311282, 0.06197602, 0.05157250, 0.01117252, 0.03099964, 0.07274860},
{0.07154169, 0.04886030, 0.04328280, 0.05345432, 0.02827228, 0.05805582, 0.03619405, 0.09185519, 0.02708912, 0.05434917, 0.09477529, 0.04979415, 0.02148051, 0.04755937, 0.04758379, 0.06744237, 0.05158426, 0.01245632, 0.03172686, 0.06264236},
{0.08308329, 0.06568348, 0.03998439, 0.05558014, 0.01114333, 0.08404421, 0.04524103, 0.05835449, 0.02173430, 0.05630489, 0.09276302, 0.07531354, 0.01949155, 0.03512679, 0.04207486, 0.06096799, 0.04986928, 0.01010327, 0.02828759, 0.06484858},
{0.07969587, 0.05550364, 0.04204876, 0.06110761, 0.01186836, 0.07800249, 0.05671067, 0.06171189, 0.02371847, 0.05498521, 0.09537888, 0.05802305, 0.02076689, 0.03610456, 0.04574244, 0.06421913, 0.05138388, 0.01204614, 0.02753173, 0.06345034},
{0.08959930, 0.05576597, 0.03611206, 0.05260592, 0.01389414, 0.06000620, 0.03437338, 0.08398500, 0.02203173, 0.05859146, 0.09268658, 0.04827957, 0.02093477, 0.03984321, 0.04961917, 0.06690731, 0.05677162, 0.01116880, 0.03014597, 0.07667785},
{0.07534145, 0.05405216, 0.03873901, 0.05366903, 0.01441301, 0.06472404, 0.04124752, 0.06670554, 0.03488539, 0.05898000, 0.09877540, 0.05454349, 0.02267245, 0.03922582, 0.04950483, 0.06442676, 0.05418486, 0.01106999, 0.03045721, 0.07238204},
{0.07451657, 0.04994550, 0.04530737, 0.05685454, 0.01470354, 0.06397128, 0.03555415, 0.07356891, 0.02336214, 0.06748772, 0.10151735, 0.05982688, 0.02399266, 0.03983432, 0.04300316, 0.06316132, 0.05514655, 0.00992450, 0.02940507, 0.06891647},
{0.07989562, 0.05249121, 0.03988169, 0.05531757, 0.01456000, 0.06483585, 0.03936317, 0.07823323, 0.02315298, 0.05992219, 0.10628879, 0.05379442, 0.02291306, 0.04022850, 0.04797185, 0.06251321, 0.05040657, 0.01078694, 0.02992631, 0.06751687},
{0.07332312, 0.05110226, 0.04261903, 0.05945409, 0.01309866, 0.08680188, 0.04012468, 0.05957541, 0.02024199, 0.06439862, 0.09163592, 0.07503029, 0.01981296, 0.03787648, 0.04262644, 0.06376733, 0.05180536, 0.01018450, 0.02935469, 0.06716628},
{0.08192402, 0.05217548, 0.04088670, 0.05534551, 0.01400270, 0.06585967, 0.03870520, 0.08162853, 0.02408726, 0.05856659, 0.09840395, 0.05445780, 0.02820831, 0.04093874, 0.04520415, 0.06207915, 0.04979607, 0.01138135, 0.03038105, 0.06596776},
{0.07191624, 0.05036863, 0.04343355, 0.05628786, 0.01686875, 0.06086811, 0.03648848, 0.07297176, 0.02436415, 0.05843154, 0.10026050, 0.05643361, 0.02368397, 0.04776451, 0.04709530, 0.06593834, 0.05373495, 0.01206074, 0.03334063, 0.06768839},
{0.08590341, 0.05649353, 0.03618318, 0.05102450, 0.01272436, 0.06629560, 0.04033516, 0.07168245, 0.02292880, 0.05478470, 0.08773148, 0.05413625, 0.01973706, 0.03713387, 0.06762208, 0.06919073, 0.05559498, 0.01177171, 0.02913399, 0.06959218},
{0.08040888, 0.05371907, 0.04265353, 0.05254477, 0.01354415, 0.06224159, 0.03922426, 0.06732852, 0.02256695, 0.05748276, 0.09362935, 0.05707703, 0.02085498, 0.03919653, 0.05014944, 0.08498321, 0.05643141, 0.01104338, 0.02955993, 0.06536025},
{0.08212423, 0.05188473, 0.04192131, 0.05229211, 0.01375962, 0.06367632, 0.03758959, 0.06635526, 0.02274709, 0.06312937, 0.09836721, 0.05484332, 0.02359633, 0.03825580, 0.04942301, 0.06784399, 0.05977279, 0.01155377, 0.02912601, 0.07173813},
{0.07301333, 0.06121324, 0.04501438, 0.05472783, 0.01763283, 0.06262188, 0.04313884, 0.07843927, 0.02751765, 0.05112825, 0.08936765, 0.05355860, 0.02196206, 0.04191746, 0.04848184, 0.06552509, 0.05432948, 0.01612932, 0.03260037, 0.06168063},
{0.06726881, 0.05434344, 0.04569815, 0.05817562, 0.01621697, 0.06394590, 0.04010124, 0.06901512, 0.02402172, 0.06051962, 0.09521410, 0.06321664, 0.02304815, 0.04009092, 0.04682925, 0.06430960, 0.05305720, 0.01234739, 0.03493124, 0.06764892},
{0.08177829, 0.05207004, 0.04069102, 0.05968124, 0.01475950, 0.06517845, 0.03515740, 0.07969448, 0.02229056, 0.05955131, 0.09967960, 0.05352816, 0.02236534, 0.03690823, 0.04722939, 0.06257518, 0.05565593, 0.00983974, 0.02800359, 0.07336255}
},{
{0.09841139, 0.05646017, 0.03622118, 0.05367306, 0.01235574, 0.06642551, 0.03916793, 0.07583476, 0.02231885, 0.05728312, 0.10109470, 0.05426717, 0.02237660, 0.03612770, 0.04559596, 0.06123715, 0.05137231, 0.01080724, 0.02708846, 0.07188100},
{0.08430385, 0.06620214, 0.03822103, 0.05447036, 0.01379784, 0.07052381, 0.04012572, 0.07175425, 0.02447470, 0.05483512, 0.09863376, 0.05616701, 0.02152843, 0.03659735, 0.04590751, 0.06297190, 0.05166163, 0.01098120, 0.02915430, 0.06768808},
{0.07380829, 0.04986776, 0.05329048, 0.05418973, 0.01419237, 0.06452518, 0.04045019, 0.06016259, 0.02295280, 0.06717734, 0.09751462, 0.05991539, 0.02151210, 0.04191368, 0.04388645, 0.06802792, 0.05481041, 0.01125856, 0.03179125, 0.06875290},
{0.08287757, 0.05574020, 0.03744026, 0.05600376, 0.01394819, 0.07004779, 0.03744824, 0.06503206, 0.02221551, 0.06378528, 0.10096721, 0.05525234, 0.02338410, 0.04028316, 0.04313385, 0.06140776, 0.05328894, 0.01173238, 0.03165014, 0.07436129},
{0.07368986, 0.05445824, 0.04185185, 0.05463580, 0.02970256, 0.06354924, 0.03704631, 0.07627886, 0.02574151, 0.05436926, 0.08962501, 0.05820787, 0.02087416, 0.03688489, 0.05061491, 0.06927290, 0.05453462, 0.01185913, 0.03051713, 0.06628588},
{0.08435074, 0.05512425, 0.03690659, 0.05470344, 0.01375274, 0.07768337, 0.03883327, 0.06129424, 0.02136404, 0.06374452, 0.10640766, 0.06045606, 0.02224367, 0.04044209, 0.04157310, 0.05917118, 0.04924190, 0.01064886, 0.03124257, 0.07081570},
{0.08363488, 0.05536324, 0.03928599, 0.05043945, 0.01309634, 0.06831990, 0.05176831, 0.06302453, 0.02345255, 0.05886716, 0.10345959, 0.05688003, 0.02232311, 0.03864777, 0.04610978, 0.06426114, 0.05183428, 0.01152865, 0.03009559, 0.06760769},
{0.08444949, 0.05384374, 0.03679509, 0.05451604, 0.01442393, 0.06118505, 0.03544776, 0.07996866, 0.02250611, 0.06200525, 0.09639241, 0.04841226, 0.02359613, 0.03997362, 0.04738153, 0.06369868, 0.05549168, 0.01157800, 0.02957700, 0.07875756},
{0.08055219, 0.05516729, 0.03948030, 0.05566462, 0.01446959, 0.06482668, 0.04104883, 0.06843611, 0.03034367, 0.05758594, 0.09429741, 0.05356429, 0.02099785, 0.03851892, 0.05036850, 0.06654142, 0.05684542, 0.01217099, 0.03042379, 0.06869619},
{0.07785091, 0.05264482, 0.04727808, 0.05872849, 0.01301995, 0.07000224, 0.03769641, 0.07886678, 0.02231854, 0.06028225, 0.08821244, 0.06436050, 0.02091687, 0.03871357, 0.04719002, 0.06640050, 0.05313922, 0.00974567, 0.02854421, 0.06408853},
{0.08316588, 0.05698378, 0.04169197, 0.05652147, 0.01311188, 0.06983464, 0.04172031, 0.07396593, 0.02270054, 0.05775983, 0.09412076, 0.05974557, 0.02064159, 0.03798089, 0.04844015, 0.06541208, 0.05177314, 0.01057052, 0.02830423, 0.06555484},
{0.07576084, 0.05360363, 0.04371781, 0.05378756, 0.01309428, 0.07272832, 0.03831456, 0.06237939, 0.02141064, 0.06506280, 0.09717491, 0.07329172, 0.02142701, 0.03915152, 0.04197909, 0.06390698, 0.05173416, 0.01038052, 0.03161199, 0.06948227},
{0.08468481, 0.05576039, 0.04077125, 0.05386344, 0.01320033, 0.06981132, 0.03987859, 0.07724118, 0.02329464, 0.05748412, 0.09341310, 0.05745508, 0.02560488, 0.03947532, 0.04634997, 0.06453750, 0.05164206, 0.01071136, 0.02818797, 0.06663271},
{0.07568067, 0.05261197, 0.04540764, 0.05835087, 0.01417276, 0.06648751, 0.03773575, 0.07387371, 0.02432580, 0.05830417, 0.09246413, 0.05921932, 0.02136781, 0.04334173, 0.04935717, 0.06667150, 0.05337760, 0.01144559, 0.03108001, 0.06472430},
{0.08552725, 0.05479598, 0.03554640, 0.05165091, 0.01397390, 0.06479818, 0.03960153, 0.06918106, 0.02306120, 0.05659079, 0.09430026, 0.05125699, 0.02106683, 0.03733718, 0.06304652, 0.06946428, 0.05518254, 0.01202177, 0.03027025, 0.07132618},
{0.07844121, 0.05297133, 0.04155222, 0.05293477, 0.01467736, 0.06477680, 0.04019921, 0.06575078, 0.02274721, 0.05882577, 0.09864652, 0.05596887, 0.02155940, 0.03888783, 0.04958893, 0.07829525, 0.05625156, 0.01130770, 0.02925638, 0.06736092},
{0.08334847, 0.05428873, 0.04042314, 0.05478545, 0.01356361, 0.06653917, 0.03838718, 0.06976578, 0.02279526, 0.05909252, 0.09694197, 0.05610362, 0.02195372, 0.03832495, 0.04709834, 0.06826265, 0.05915546, 0.01084108, 0.02940629, 0.06892260},
{0.07748464, 0.05493287, 0.04109372, 0.05616483, 0.01538506, 0.06449246, 0.04286714, 0.07691039, 0.02401373, 0.05391551, 0.09519005, 0.05596215, 0.02125076, 0.04198291, 0.05319720, 0.06515613, 0.05269796, 0.01421222, 0.03048548, 0.06260478},
{0.07404264, 0.05457594, 0.04618434, 0.06089319, 0.01529126, 0.06932129, 0.03965366, 0.07376028, 0.02424242, 0.05815718, 0.08910960, 0.06190226, 0.02022991, 0.04059214, 0.04704578, 0.06579369, 0.05197023, 0.01105592, 0.03352938, 0.06264888},
{0.08603570, 0.05623816, 0.04154868, 0.05993158, 0.01294671, 0.06976130, 0.03785172, 0.08337219, 0.02247332, 0.05353487, 0.08804692, 0.05849798, 0.02101097, 0.03604884, 0.04894963, 0.06499276, 0.05346091, 0.01010809, 0.02704959, 0.06814007}
},{
{0.09820694, 0.05717545, 0.03697552, 0.05446614, 0.01211687, 0.06811027, 0.03956954, 0.07461602, 0.02215573, 0.05533119, 0.09753137, 0.05518117, 0.02186227, 0.03616638, 0.04837821, 0.06232158, 0.05278578, 0.01007905, 0.02639933, 0.07057117},
{0.08516220, 0.06442099, 0.03700128, 0.05429276, 0.01381999, 0.06883300, 0.03860617, 0.07336024, 0.02323588, 0.05709573, 0.09786581, 0.05498680, 0.02173297, 0.03761431, 0.04861709, 0.06298236, 0.05072740, 0.01118260, 0.02864331, 0.06981912},
{0.07544704, 0.04842683, 0.05392858, 0.05443224, 0.01412313, 0.06478791, 0.03880843, 0.06452012, 0.02172846, 0.06649148, 0.09651909, 0.06077451, 0.02136586, 0.04174060, 0.04293675, 0.06763935, 0.05369793, 0.01087409, 0.03212475, 0.06963285},
{0.08102144, 0.05634222, 0.03890736, 0.05993428, 0.01389683, 0.06961409, 0.03830755, 0.06776348, 0.02185677, 0.06333377, 0.09965059, 0.05618632, 0.02143198, 0.04039669, 0.04387013, 0.06167771, 0.05162843, 0.01131901, 0.03120379, 0.07165757},
{0.07762191, 0.05433943, 0.04192728, 0.05443666, 0.03002762, 0.06431977, 0.03814967, 0.07527985, 0.02457475, 0.05077910, 0.08755423, 0.05521013, 0.02104079, 0.03901288, 0.05330459, 0.07021981, 0.05438391, 0.01231886, 0.03210399, 0.06339476},
{0.08154412, 0.05632765, 0.03815745, 0.05513439, 0.01333925, 0.07697230, 0.03898333, 0.06625833, 0.02140980, 0.06329673, 0.10380195, 0.06146107, 0.02201128, 0.03872893, 0.04301392, 0.05971158, 0.04903364, 0.01058520, 0.02894338, 0.07128569},
{0.08198784, 0.05612685, 0.03942723, 0.05108526, 0.01388509, 0.06710916, 0.05196308, 0.06685339, 0.02365855, 0.05874468, 0.10369917, 0.05646326, 0.02186695, 0.03810054, 0.04724310, 0.06316643, 0.05115221, 0.01154142, 0.02931501, 0.06661076},
{0.08734662, 0.05348800, 0.03608253, 0.05377184, 0.01530247, 0.06196640, 0.03589104, 0.08359089, 0.02258231, 0.06099610, 0.09456166, 0.05154999, 0.02305573, 0.03817243, 0.04632663, 0.06413556, 0.05446097, 0.01172110, 0.02898435, 0.07601336},
{0.07904572, 0.05579155, 0.04127199, 0.05282218, 0.01625835, 0.06474746, 0.03976068, 0.07102113, 0.02835882, 0.05856768, 0.09736804, 0.05275657, 0.02238061, 0.04008586, 0.04847437, 0.06497209, 0.05294864, 0.01207670, 0.03222243, 0.06906912},
{0.07877471, 0.05326378, 0.04610688, 0.05802025, 0.01226819, 0.07131307, 0.03833648, 0.07310918, 0.02334267, 0.06089255, 0.09172969, 0.06404610, 0.02100700, 0.03870239, 0.04443498, 0.06494341, 0.05345440, 0.01002608, 0.02974104, 0.06648717},
{0.08308848, 0.05649072, 0.04166568, 0.05783511, 0.01262564, 0.07128259, 0.04182554, 0.06888997, 0.02376532, 0.05757903, 0.09619378, 0.05924929, 0.02095411, 0.03718736, 0.04671230, 0.06578651, 0.05274926, 0.01080725, 0.02851072, 0.06680134},
{0.07605723, 0.05269959, 0.04202772, 0.05358871, 0.01377218, 0.07135852, 0.03765631, 0.06673239, 0.02150576, 0.06596395, 0.09751175, 0.07104350, 0.02148719, 0.04079434, 0.04201286, 0.06237383, 0.05033370, 0.01049736, 0.03208476, 0.07049835},
{0.08306369, 0.05694058, 0.04283918, 0.05488466, 0.01280960, 0.06998310, 0.03902312, 0.07428027, 0.02302007, 0.05769693, 0.09339887, 0.05977789, 0.02500260, 0.03777564, 0.04590089, 0.06372819, 0.05247186, 0.01021072, 0.03073834, 0.06645380},
{0.07688236, 0.05437554, 0.04466315, 0.05712919, 0.01320286, 0.06723748, 0.03943095, 0.07036060, 0.02375193, 0.05899046, 0.09337669, 0.05907892, 0.02189713, 0.04254830, 0.04770793, 0.06763733, 0.05349638, 0.01191584, 0.03084062, 0.06547635},
{0.08301145, 0.05370526, 0.03544376, 0.05261438, 0.01539323, 0.06135706, 0.03837589, 0.06759520, 0.02324422, 0.05756983, 0.09844277, 0.04957604, 0.02248843, 0.04032003, 0.06292295, 0.06821268, 0.05679804, 0.01252899, 0.02980732, 0.07059247},
{0.07948927, 0.05408284, 0.04180519, 0.05222718, 0.01417993, 0.06429433, 0.04019492, 0.06750629, 0.02221728, 0.05840405, 0.09748181, 0.05663788, 0.02161521, 0.03927646, 0.04910820, 0.08031817, 0.05579275, 0.01079216, 0.02894286, 0.06563323},
{0.08512196, 0.05320064, 0.04096985, 0.05386476, 0.01378846, 0.06684808, 0.03934763, 0.06994376, 0.02289247, 0.05831408, 0.09470246, 0.05649516, 0.02261205, 0.03844887, 0.04803488, 0.06782209, 0.05941096, 0.01062722, 0.02961610, 0.06793853},
{0.07882581, 0.05466495, 0.03979390, 0.05635333, 0.01483777, 0.06614831, 0.03926240, 0.07419184, 0.02557604, 0.05280421, 0.09581541, 0.05257720, 0.02213620, 0.04214044, 0.05275106, 0.06403424, 0.05527642, 0.01607115, 0.03220886, 0.06453047},
{0.07438166, 0.05482779, 0.04452019, 0.05786668, 0.01431490, 0.06966865, 0.04060267, 0.07002150, 0.02401561, 0.05948955, 0.09147164, 0.06131354, 0.02107405, 0.03953360, 0.04826239, 0.06513317, 0.05300195, 0.01187332, 0.03361989, 0.06500726},
{0.08442496, 0.05575124, 0.04142820, 0.05808733, 0.01294471, 0.06942529, 0.03778587, 0.07997483, 0.02342337, 0.05525885, 0.09047097, 0.05716272, 0.02095825, 0.03677674, 0.04771982, 0.06511372, 0.05494282, 0.01010922, 0.02861291, 0.06962820}
},{
{0.09875739, 0.05631250, 0.03639329, 0.05487467, 0.01216159, 0.06628424, 0.03962073, 0.07631549, 0.02223638, 0.05610297, 0.09759006, 0.05320390, 0.02169500, 0.03647557, 0.04808072, 0.06204546, 0.05299924, 0.01060979, 0.02636737, 0.07187363},
{0.08405658, 0.06723377, 0.03741169, 0.05637094, 0.01348441, 0.06998208, 0.04145525, 0.07389050, 0.02293683, 0.05557339, 0.09517138, 0.05671571, 0.02089486, 0.03619400, 0.04804788, 0.06207401, 0.04952516, 0.01133560, 0.02842829, 0.06921766},
{0.07383529, 0.04941194, 0.05441203, 0.05615044, 0.01432889, 0.06735608, 0.03933050, 0.06543860, 0.02242900, 0.06416068, 0.09475619, 0.06136608, 0.02166912, 0.03999729, 0.04282959, 0.06892106, 0.05389117, 0.01089056, 0.03156881, 0.06725669},
{0.08370482, 0.05701564, 0.04145380, 0.06298788, 0.01324099, 0.07348989, 0.03854431, 0.06647912, 0.02269421, 0.05994082, 0.09234603, 0.05947189, 0.02097453, 0.03820763, 0.04395907, 0.06480371, 0.05295460, 0.01071048, 0.02930874, 0.06771183},
{0.07248417, 0.05447754, 0.04035901, 0.05090738, 0.03173246, 0.05789699, 0.03656455, 0.07152641, 0.02663869, 0.05487260, 0.09462248, 0.05384559, 0.02215051, 0.04657935, 0.04922323, 0.06905803, 0.05298344, 0.01271770, 0.03418549, 0.06717438},
{0.08152427, 0.06054225, 0.04083720, 0.06101587, 0.01213501, 0.08772927, 0.04334457, 0.06376643, 0.02124407, 0.05679196, 0.08879580, 0.06868040, 0.01996165, 0.03551890, 0.04420597, 0.06269563, 0.04949915, 0.00955827, 0.02683182, 0.06532151},
{0.08143258, 0.05693598, 0.04234075, 0.05557879, 0.01292779, 0.07129528, 0.05507275, 0.06579953, 0.02325771, 0.05538049, 0.09319759, 0.05897980, 0.02148691, 0.03585894, 0.04742926, 0.06645446, 0.05221071, 0.01073536, 0.02843824, 0.06518707},
{0.09101943, 0.05370675, 0.03754733, 0.05426505, 0.01426973, 0.06243690, 0.03520212, 0.08239694, 0.02267942, 0.05856158, 0.09235896, 0.05001121, 0.02225731, 0.03835374, 0.04897077, 0.06672392, 0.05653083, 0.01112641, 0.02824639, 0.07333521},
{0.08166317, 0.05718359, 0.04033721, 0.05589899, 0.01460986, 0.06659066, 0.04143218, 0.07005332, 0.02759817, 0.05713749, 0.09657457, 0.05440433, 0.02292600, 0.03899891, 0.04853857, 0.06388626, 0.05162508, 0.01150625, 0.03064166, 0.06839375},
{0.07670517, 0.05159601, 0.04347681, 0.05436686, 0.01285199, 0.06582127, 0.03529065, 0.07528823, 0.02277680, 0.06694154, 0.09768305, 0.06119149, 0.02240738, 0.04036406, 0.04475010, 0.06434250, 0.05408753, 0.01019855, 0.03136228, 0.06849773},
{0.08189579, 0.05498513, 0.03890549, 0.05255869, 0.01361315, 0.06534316, 0.03892817, 0.06940218, 0.02447005, 0.06052571, 0.10699914, 0.05463621, 0.02171635, 0.04077010, 0.04614431, 0.06380079, 0.05215708, 0.01133615, 0.03096860, 0.07084374},
{0.07395341, 0.05371559, 0.04506413, 0.05800056, 0.01364783, 0.07674495, 0.03924836, 0.06573425, 0.02079270, 0.06257656, 0.09047085, 0.07555027, 0.01996205, 0.03836309, 0.04339797, 0.06442774, 0.05113471, 0.00988303, 0.02946875, 0.06786320},
{0.08148940, 0.05285642, 0.04013850, 0.05271433, 0.01387293, 0.06652812, 0.03861235, 0.07288683, 0.02420564, 0.06059367, 0.10204557, 0.05483590, 0.02640415, 0.04046152, 0.04648042, 0.06252655, 0.05355509, 0.01032394, 0.03035285, 0.06911581},
{0.07704380, 0.05083274, 0.04163704, 0.05312949, 0.01495360, 0.06426122, 0.03664824, 0.06928616, 0.02362870, 0.06204801, 0.10206754, 0.05741247, 0.02295171, 0.04479837, 0.04630323, 0.06428260, 0.05261858, 0.01239191, 0.03433349, 0.06937110},
{0.08379028, 0.05492781, 0.03619005, 0.05239129, 0.01476735, 0.06485049, 0.04123273, 0.07288737, 0.02301512, 0.05681108, 0.09483148, 0.05206282, 0.02153027, 0.03695813, 0.06053482, 0.06853442, 0.05482622, 0.01231965, 0.02841377, 0.06912486},
{0.07943094, 0.05389359, 0.04194505, 0.05320365, 0.01418074, 0.06401691, 0.03973606, 0.06642657, 0.02210705, 0.05940550, 0.09762334, 0.05513020, 0.02144649, 0.03930311, 0.04898401, 0.07908343, 0.05587604, 0.01091734, 0.02932696, 0.06796302},
{0.08644594, 0.05277004, 0.04112405, 0.05321700, 0.01429717, 0.06504066, 0.03861721, 0.07074878, 0.02307671, 0.05854483, 0.09790214, 0.05513367, 0.02268164, 0.03851620, 0.04698720, 0.06796051, 0.05857479, 0.01089101, 0.02978150, 0.06768897},
{0.08129021, 0.05367396, 0.03896661, 0.05237616, 0.01834097, 0.06294278, 0.03746518, 0.07076531, 0.02367022, 0.05757777, 0.10220243, 0.05351750, 0.02315021, 0.04195308, 0.04897597, 0.06119848, 0.04981534, 0.01865387, 0.03451696, 0.06894700},
{0.07313310, 0.05279426, 0.04452310, 0.05554122, 0.01442826, 0.06695921, 0.03837670, 0.07015973, 0.02371539, 0.06138058, 0.09614731, 0.06063401, 0.02274647, 0.04126464, 0.04662959, 0.06387660, 0.05284408, 0.01252437, 0.03592737, 0.06639402},
{0.08435758, 0.05478292, 0.03982044, 0.05447845, 0.01289813, 0.06560417, 0.03670233, 0.07988085, 0.02294851, 0.05880279, 0.09614202, 0.05657919, 0.02251283, 0.03838534, 0.04913445, 0.06169322, 0.05460147, 0.01047071, 0.02872268, 0.07148190}
},{
{0.09816749, 0.05639264, 0.03642509, 0.05401691, 0.01280400, 0.06720079, 0.03877952, 0.07505134, 0.02270059, 0.05701278, 0.09769209, 0.05355407, 0.02139180, 0.03659731, 0.04765275, 0.06153856, 0.05199797, 0.01082491, 0.02712254, 0.07307685},
{0.08529088, 0.06641472, 0.03745614, 0.05588585, 0.01359793, 0.07042676, 0.04136808, 0.06950099, 0.02331015, 0.05488667, 0.09650325, 0.05587486, 0.02172185, 0.03671952, 0.04722188, 0.06317807, 0.05156732, 0.01075403, 0.02866268, 0.06965839},
{0.07475669, 0.05123746, 0.05452448, 0.05574260, 0.01492697, 0.06665409, 0.03908880, 0.06532396, 0.02231856, 0.06314853, 0.09464076, 0.06088107, 0.02192079, 0.03936717, 0.04398580, 0.06889633, 0.05469794, 0.01072489, 0.03172016, 0.06544296},
{0.08423686, 0.05599905, 0.04073152, 0.06177959, 0.01329178, 0.07277482, 0.03868021, 0.06735040, 0.02293148, 0.05940925, 0.09566713, 0.05720296, 0.02152198, 0.03723777, 0.04383433, 0.06474883, 0.05292712, 0.01064710, 0.02971084, 0.06931697},
{0.07559376, 0.05375093, 0.04156103, 0.05481561, 0.02559989, 0.06174271, 0.03759779, 0.07336525, 0.02602404, 0.05599596, 0.09301302, 0.05507725, 0.02147968, 0.03937658, 0.05109395, 0.07206017, 0.05402123, 0.01206282, 0.03060459, 0.06516376},
{0.08234455, 0.05711929, 0.04022586, 0.05936847, 0.01336143, 0.08348974, 0.04135458, 0.06362312, 0.02230743, 0.05827389, 0.09415695, 0.06412891, 0.02113435, 0.03548510, 0.04313187, 0.06218482, 0.05167196, 0.01006548, 0.02940832, 0.06716389},
{0.08218846, 0.05608771, 0.04161658, 0.05419166, 0.01334310, 0.07047774, 0.05321796, 0.06383124, 0.02292621, 0.05584010, 0.09702568, 0.05894778, 0.02157175, 0.03656537, 0.04710696, 0.06656632, 0.05257823, 0.01108151, 0.02850199, 0.06633366},
{0.08739647, 0.05572994, 0.03849856, 0.05440631, 0.01420993, 0.06394094, 0.03639173, 0.08067365, 0.02279597, 0.05831704, 0.09546057, 0.05182978, 0.02290812, 0.03776204, 0.04939788, 0.06441147, 0.05512215, 0.01167796, 0.02840071, 0.07066879},
{0.08361968, 0.05604586, 0.03850670, 0.05725225, 0.01761092, 0.06553994, 0.04060107, 0.07317536, 0.02717510, 0.05640110, 0.09513020, 0.05591612, 0.02250683, 0.03869988, 0.04773251, 0.06445568, 0.05278643, 0.01094000, 0.03014772, 0.06575665},
{0.07713293, 0.05098729, 0.04399856, 0.05484826, 0.01306094, 0.06659191, 0.03672161, 0.07421204, 0.02288800, 0.06695270, 0.09603583, 0.06136264, 0.02203423, 0.04133975, 0.04515496, 0.06362029, 0.05347309, 0.01045552, 0.03033952, 0.06878994},
{0.08049351, 0.05473967, 0.03937071, 0.05321224, 0.01320511, 0.06704327, 0.03957445, 0.07248302, 0.02300654, 0.06114514, 0.10305243, 0.05620038, 0.02127955, 0.04036509, 0.04747109, 0.06391940, 0.05138425, 0.01110894, 0.02907762, 0.07186758},
{0.07509914, 0.05345787, 0.04397109, 0.05713971, 0.01320497, 0.07560301, 0.03940723, 0.06508473, 0.02126532, 0.06259465, 0.09199024, 0.07435468, 0.02100708, 0.03870255, 0.04305206, 0.06528115, 0.05191468, 0.00978985, 0.03013843, 0.06694158},
{0.08279837, 0.05445312, 0.04031735, 0.05254694, 0.01275333, 0.06467098, 0.03826576, 0.07383835, 0.02316148, 0.06250331, 0.09729818, 0.05653932, 0.02538557, 0.04101660, 0.04643278, 0.06387070, 0.05220246, 0.01082133, 0.03091281, 0.07021126},
{0.07658362, 0.05190102, 0.04143769, 0.05394906, 0.01400891, 0.06230010, 0.03684638, 0.07121387, 0.02318408, 0.06322590, 0.10055880, 0.05627818, 0.02272624, 0.04644100, 0.04672982, 0.06453923, 0.05333669, 0.01215225, 0.03272457, 0.06986258},
{0.08496100, 0.05547213, 0.03868097, 0.05415282, 0.01433757, 0.06602427, 0.04106333, 0.07192996, 0.02295091, 0.05379337, 0.09259101, 0.05478233, 0.02145372, 0.03771755, 0.05971057, 0.06839685, 0.05519414, 0.01120673, 0.02866226, 0.06691853},
{0.08008188, 0.05348148, 0.04176987, 0.05321244, 0.01459904, 0.06523193, 0.03965888, 0.06774802, 0.02219912, 0.05784318, 0.09725680, 0.05622461, 0.02115938, 0.03894665, 0.04869780, 0.07956950, 0.05532559, 0.01098441, 0.02904205, 0.06696735},
{0.08478827, 0.05418700, 0.04042400, 0.05303969, 0.01352907, 0.06430918, 0.03923115, 0.07201732, 0.02287306, 0.05924055, 0.09643748, 0.05644109, 0.02203191, 0.03876931, 0.04697525, 0.06687136, 0.05827418, 0.01112319, 0.03041706, 0.06901989},
{0.07991718, 0.05751766, 0.03800830, 0.05256987, 0.01583940, 0.06144757, 0.03815293, 0.07206433, 0.02511571, 0.05831040, 0.09948271, 0.05407185, 0.02178967, 0.04281842, 0.05287554, 0.06280740, 0.05044861, 0.01695272, 0.03251528, 0.06729446},
{0.07466246, 0.05448182, 0.04387858, 0.05673880, 0.01444273, 0.06555218, 0.03783510, 0.07189034, 0.02460579, 0.06144792, 0.09324637, 0.05926701, 0.02282813, 0.04238451, 0.04751461, 0.06376454, 0.05278557, 0.01219092, 0.03417747, 0.06630513},
{0.08426692, 0.05492030, 0.03994672, 0.05549382, 0.01302073, 0.06684272, 0.03723516, 0.07914387, 0.02289763, 0.05855096, 0.09520575, 0.05614529, 0.02155327, 0.03810789, 0.04811589, 0.06296718, 0.05365420, 0.01095860, 0.02974432, 0.07122879}
},{
{0.09507186, 0.05708176, 0.03663371, 0.05412512, 0.01246692, 0.06617755, 0.03862345, 0.07620866, 0.02226346, 0.05723077, 0.09791683, 0.05471632, 0.02140100, 0.03643116, 0.04835594, 0.06143746, 0.05297174, 0.01078264, 0.02713243, 0.07297123},
{0.08519599, 0.06483967, 0.03778976, 0.05494385, 0.01367550, 0.06988456, 0.04005418, 0.07133068, 0.02363146, 0.05574347, 0.09678570, 0.05569194, 0.02116158, 0.03699202, 0.04815007, 0.06318079, 0.05122678, 0.01107625, 0.02881552, 0.06983025},
{0.07369142, 0.05011264, 0.05392177, 0.05641426, 0.01422800, 0.06650837, 0.04012790, 0.06745609, 0.02334487, 0.06310896, 0.09564236, 0.06209253, 0.02121753, 0.03894399, 0.04378753, 0.06894558, 0.05480454, 0.01054301, 0.03067299, 0.06443566},
{0.08402085, 0.05680712, 0.04101305, 0.05964321, 0.01351959, 0.07190973, 0.03881523, 0.07082587, 0.02303162, 0.05812817, 0.09487238, 0.05853528, 0.02141278, 0.03760537, 0.04442437, 0.06392399, 0.05260576, 0.01042588, 0.03045150, 0.06802826},
{0.07503556, 0.05722459, 0.04166124, 0.05513319, 0.02744678, 0.06462183, 0.03951750, 0.07111915, 0.02566111, 0.05374298, 0.09257148, 0.05756653, 0.02104783, 0.03831696, 0.04839269, 0.06872476, 0.05280529, 0.01304304, 0.03134627, 0.06502122},
