double a_9[9][20][20]={{
{0.10465386, 0.05653853, 0.03427816, 0.05343171, 0.01279253, 0.06773814, 0.03970870, 0.07548840, 0.02086515, 0.05697289, 0.10301593, 0.05478994, 0.02332673, 0.03594627, 0.04181964, 0.06112874, 0.05091977, 0.01017675, 0.02559366, 0.07081452},
{0.07988424, 0.06948639, 0.03856185, 0.05498937, 0.01315382, 0.07120982, 0.04223266, 0.06608699, 0.02486047, 0.05876625, 0.09868731, 0.05715526, 0.02222858, 0.04096779, 0.04467939, 0.05975046, 0.04733900, 0.01149309, 0.03126169, 0.06720557},
{0.07358399, 0.04862929, 0.05523600, 0.05016427, 0.01416702, 0.06081263, 0.03846319, 0.07031069, 0.02205282, 0.06773482, 0.09433600, 0.05920219, 0.02161896, 0.04076612, 0.05573426, 0.06528228, 0.05070273, 0.01169354, 0.03280603, 0.06670317},
{0.08154418, 0.05060991, 0.03753181, 0.05740645, 0.01313218, 0.07342918, 0.03265061, 0.07108809, 0.02081873, 0.06663879, 0.09973609, 0.05412041, 0.02173064, 0.04360458, 0.04724108, 0.06019289, 0.04853543, 0.01287229, 0.03423203, 0.07288463},
{0.06835708, 0.05666661, 0.04074509, 0.05457129, 0.02291735, 0.05798495, 0.03887852, 0.08874602, 0.02792232, 0.05295901, 0.09234725, 0.05135893, 0.01794326, 0.04072031, 0.05442222, 0.07456945, 0.05116525, 0.01243580, 0.03210076, 0.06318855},
{0.08586381, 0.05915115, 0.04357604, 0.05489899, 0.01143843, 0.08511469, 0.04238311, 0.06172465, 0.02126594, 0.06424341, 0.09718870, 0.07023574, 0.02381518, 0.03467472, 0.03503991, 0.05295546, 0.05032814, 0.01024651, 0.02708734, 0.06876807},
{0.08870883, 0.06042504, 0.03892215, 0.04575585, 0.01262462, 0.06639819, 0.06073149, 0.06401903, 0.02444016, 0.05793171, 0.10143570, 0.05807938, 0.02334377, 0.03555528, 0.04736384, 0.05759349, 0.04974582, 0.01163624, 0.02807958, 0.06720983},
{0.07906802, 0.05662785, 0.03634778, 0.05290839, 0.01443026, 0.06254048, 0.03655076, 0.08097192, 0.02423269, 0.06223395, 0.09181676, 0.06219616, 0.02370459, 0.04173193, 0.03876429, 0.06572770, 0.05460290, 0.01215192, 0.03134936, 0.07204228},
{0.07320332, 0.05745620, 0.03821588, 0.04654966, 0.01688495, 0.05315070, 0.04192325, 0.07620928, 0.03306873, 0.06054279, 0.10305401, 0.04658524, 0.02007643, 0.04469955, 0.06097274, 0.06467363, 0.05194794, 0.01187041, 0.03468941, 0.06422589},
{0.08394844, 0.05231630, 0.04527078, 0.06265282, 0.01484912, 0.07005245, 0.03539883, 0.06978933, 0.02235912, 0.06094818, 0.08920241, 0.05896744, 0.01888230, 0.03703264, 0.04864149, 0.06762830, 0.05672972, 0.00933763, 0.02912214, 0.06687057},
{0.08786803, 0.05778118, 0.04082292, 0.05628362, 0.01369751, 0.06733770, 0.04037285, 0.06872021, 0.02314639, 0.05341167, 0.09783799, 0.05948622, 0.02052329, 0.03711777, 0.05105437, 0.06936010, 0.05420307, 0.01004043, 0.02626272, 0.06467193},
{0.08015962, 0.05668546, 0.04592053, 0.05547230, 0.01152229, 0.07837273, 0.03976211, 0.06259365, 0.02081543, 0.06216326, 0.09198559, 0.07544220, 0.02130310, 0.03227624, 0.04417813, 0.05988659, 0.05403577, 0.00955698, 0.03044157, 0.06742645},
{0.08896552, 0.05449662, 0.04213976, 0.05594186, 0.01227563, 0.06575363, 0.03959297, 0.07374233, 0.02235084, 0.05643849, 0.09671981, 0.05945312, 0.02768152, 0.03526213, 0.04829539, 0.06087324, 0.05344971, 0.00866973, 0.02570575, 0.07219196},
{0.07449533, 0.04928289, 0.04303806, 0.06230122, 0.01692671, 0.06257086, 0.03507460, 0.07545913, 0.02367457, 0.05999858, 0.09517079, 0.05250067, 0.02037446, 0.04333075, 0.04346080, 0.07512173, 0.05583009, 0.01191792, 0.03265064, 0.06682019},
{0.08135580, 0.04828124, 0.03717016, 0.05516906, 0.01229516, 0.07704639, 0.04043184, 0.07673941, 0.02326776, 0.05038037, 0.09076211, 0.04943698, 0.01968570, 0.03916696, 0.05810657, 0.07068952, 0.05420034, 0.01127210, 0.02993105, 0.07461149},
{0.07427525, 0.05340106, 0.04006894, 0.05210681, 0.01470371, 0.05924518, 0.03897944, 0.07723800, 0.02312354, 0.05634272, 0.09737721, 0.05380331, 0.02066365, 0.04093148, 0.05040201, 0.08599585, 0.05515350, 0.01152591, 0.02914126, 0.06552118},
{0.08120425, 0.04976333, 0.03781880, 0.05184072, 0.01441032, 0.05932672, 0.03533075, 0.07819666, 0.02258945, 0.05964727, 0.10170137, 0.04972465, 0.02027953, 0.03940029, 0.05745505, 0.06748488, 0.06022695, 0.01119018, 0.02797095, 0.07443788},
{0.07140221, 0.06052915, 0.04526730, 0.05599698, 0.01548222, 0.05792600, 0.04877169, 0.06415142, 0.02488097, 0.05839226, 0.11112111, 0.05699204, 0.02483766, 0.04226767, 0.03859969, 0.06262610, 0.04969746, 0.01578488, 0.03087061, 0.06440259},
{0.07098752, 0.05838928, 0.04367542, 0.05826160, 0.01646549, 0.06162549, 0.04243506, 0.07543949, 0.02512303, 0.05724177, 0.09708513, 0.05293060, 0.01954438, 0.04466257, 0.04523668, 0.06615683, 0.05251236, 0.01228362, 0.03492557, 0.06501811},
{0.08573123, 0.05348944, 0.03944435, 0.05855862, 0.01432964, 0.06933125, 0.03438700, 0.06667165, 0.02080780, 0.06105140, 0.09574830, 0.05670492, 0.02199976, 0.03751089, 0.04766561, 0.06547075, 0.05770193, 0.01020262, 0.02714992, 0.07604293},
},{
{0.10486094, 0.06004550, 0.03498315, 0.04913540, 0.01304808, 0.06689501, 0.03990955, 0.07515602, 0.02170379, 0.05770431, 0.10096070, 0.05626951, 0.02256228, 0.03547834, 0.04190902, 0.06046630, 0.05040279, 0.00995666, 0.02683728, 0.07171538},
{0.08545256, 0.06929573, 0.03491778, 0.04682018, 0.01341701, 0.06221479, 0.03938917, 0.07456624, 0.02463948, 0.06051259, 0.10866029, 0.05496239, 0.02308500, 0.03993301, 0.04359344, 0.05827533, 0.04763361, 0.01258175, 0.03053184, 0.06951782},
{0.06863253, 0.04825469, 0.05531704, 0.05530259, 0.01331536, 0.06311035, 0.03811746, 0.06087022, 0.02196789, 0.06850660, 0.10105969, 0.06086814, 0.02097336, 0.04185036, 0.04784148, 0.06734708, 0.05671396, 0.01104619, 0.03224836, 0.06665663},
{0.07969626, 0.04903777, 0.03859419, 0.06093111, 0.01298487, 0.06928254, 0.03545361, 0.05907235, 0.02060288, 0.06923357, 0.10602076, 0.05431227, 0.02184784, 0.04111561, 0.04480296, 0.06334912, 0.05082202, 0.01110308, 0.03137933, 0.08035786},
{0.07597912, 0.05442698, 0.04451362, 0.05336045, 0.02495612, 0.06381908, 0.03879852, 0.07270175, 0.02531646, 0.05577339, 0.08746654, 0.05795068, 0.02046464, 0.03961376, 0.05027220, 0.07088861, 0.05186914, 0.01135510, 0.03014959, 0.07032426},
{0.08338908, 0.05257934, 0.03467506, 0.05090731, 0.01349933, 0.07652753, 0.03741810, 0.06727359, 0.01935854, 0.06870737, 0.11234753, 0.05922685, 0.02477144, 0.04138811, 0.03929740, 0.05503455, 0.04773883, 0.01088348, 0.03046703, 0.07450952},
{0.08190886, 0.05638841, 0.03693723, 0.04578886, 0.01305474, 0.06430012, 0.05521397, 0.06503744, 0.02309837, 0.06356118, 0.11431971, 0.05464988, 0.02351202, 0.03910844, 0.04493663, 0.05948613, 0.04741824, 0.01153906, 0.02942965, 0.07031106},
{0.07962623, 0.05396733, 0.03686458, 0.05462562, 0.01425287, 0.05715544, 0.03320464, 0.08509045, 0.02113140, 0.06153840, 0.08925262, 0.05363812, 0.02227606, 0.03784264, 0.05425130, 0.06767323, 0.06039876, 0.01106182, 0.02950108, 0.07664739},
{0.07600332, 0.05501886, 0.04009253, 0.05969171, 0.01461642, 0.06145809, 0.03918657, 0.07315349, 0.03239906, 0.05905985, 0.10285386, 0.05022954, 0.02096921, 0.04125594, 0.04942920, 0.06287065, 0.04943013, 0.01214745, 0.03057397, 0.06956017},
{0.08342776, 0.05645960, 0.04811072, 0.06093450, 0.01309535, 0.07448860, 0.04100667, 0.07368399, 0.02380819, 0.05362268, 0.08135232, 0.06281628, 0.01930365, 0.03658599, 0.04588104, 0.06800758, 0.05622662, 0.00951151, 0.02821484, 0.06346212},
{0.08670963, 0.05910676, 0.04396787, 0.06110127, 0.01329081, 0.07702034, 0.04413722, 0.07133794, 0.02393164, 0.05005955, 0.08923431, 0.06295028, 0.01952457, 0.03503468, 0.04734841, 0.06666818, 0.05072134, 0.01049353, 0.02649874, 0.06086293},
{0.07639626, 0.05333234, 0.04103763, 0.04793514, 0.01297290, 0.06523697, 0.03704441, 0.06822727, 0.02137017, 0.06979768, 0.10527909, 0.07204481, 0.02284753, 0.04205547, 0.03971867, 0.05948184, 0.05073741, 0.01114904, 0.03310444, 0.07023093},
{0.08399239, 0.05821134, 0.04074867, 0.05771262, 0.01353686, 0.07483981, 0.04291287, 0.07191924, 0.02384425, 0.05410644, 0.08917574, 0.06064417, 0.02556268, 0.03959484, 0.04413478, 0.06261904, 0.05112804, 0.01098374, 0.02973370, 0.06459878},
{0.07582035, 0.05486503, 0.04740784, 0.06173613, 0.01466649, 0.06890784, 0.04124132, 0.07411016, 0.02505847, 0.05404413, 0.08547274, 0.06094587, 0.01978668, 0.03990788, 0.04959474, 0.06850685, 0.05398719, 0.01122447, 0.02962636, 0.06308946},
{0.07987733, 0.05038287, 0.03594416, 0.05207746, 0.01415856, 0.06100634, 0.03793952, 0.07411288, 0.02472808, 0.05625724, 0.09348229, 0.04821127, 0.02195638, 0.03952709, 0.06748693, 0.07093786, 0.05893005, 0.01225317, 0.03021082, 0.07051970},
{0.07708597, 0.05126319, 0.04083772, 0.05305799, 0.01445258, 0.06422026, 0.03728048, 0.06947626, 0.02165069, 0.05923852, 0.09955896, 0.05347763, 0.02089739, 0.03979067, 0.05055794, 0.08518921, 0.05539833, 0.01143058, 0.03000147, 0.06513416},
{0.08317969, 0.05323958, 0.04071514, 0.05461550, 0.01350937, 0.07110971, 0.03760277, 0.06809580, 0.02274388, 0.05734341, 0.09404112, 0.05711702, 0.02100880, 0.03795243, 0.04953069, 0.07041780, 0.06366870, 0.01053025, 0.02811953, 0.06545883},
{0.07629734, 0.06032333, 0.04353972, 0.05930085, 0.01592488, 0.06819161, 0.04400738, 0.07174262, 0.02454786, 0.05007246, 0.08828591, 0.06173208, 0.02146018, 0.03903076, 0.05127556, 0.06502205, 0.05219064, 0.01653510, 0.02923406, 0.06128562},
{0.07286549, 0.05617274, 0.04698694, 0.06076043, 0.01660151, 0.06545769, 0.04137347, 0.07112755, 0.02666580, 0.05690808, 0.08963728, 0.06020273, 0.02031431, 0.04011097, 0.04896161, 0.06506038, 0.05347584, 0.01149150, 0.03313010, 0.06269559},
{0.08993105, 0.05564387, 0.04053778, 0.06069575, 0.01395149, 0.07186782, 0.03725334, 0.07648338, 0.02240745, 0.05450828, 0.08707690, 0.05583466, 0.02077935, 0.03711805, 0.04590910, 0.06525610, 0.05417778, 0.00976287, 0.02698445, 0.07382055},
},{
{0.10403325, 0.05815122, 0.03604686, 0.05226447, 0.01265139, 0.06697838, 0.03945475, 0.07358246, 0.02222040, 0.05769590, 0.10045091, 0.05333891, 0.02216289, 0.03605456, 0.04561937, 0.06056262, 0.05137810, 0.01014566, 0.02671101, 0.07049690},
{0.08574590, 0.06885867, 0.03633104, 0.05594961, 0.01230860, 0.07079400, 0.04147027, 0.07260094, 0.02247220, 0.05522685, 0.09846018, 0.05677844, 0.02156153, 0.03795769, 0.04433439, 0.06351150, 0.04953028, 0.01103764, 0.02798210, 0.06708817},
{0.06829815, 0.05182326, 0.05551860, 0.05446300, 0.01308502, 0.06301307, 0.03799930, 0.06364550, 0.02179538, 0.06712900, 0.09757276, 0.06411712, 0.02032011, 0.04164947, 0.04348777, 0.06756494, 0.05503787, 0.01105140, 0.03253037, 0.06989790},
{0.07928680, 0.06082124, 0.04053200, 0.05827750, 0.01212897, 0.06863666, 0.03601784, 0.06683718, 0.02173935, 0.06319654, 0.09321150, 0.06506267, 0.02010361, 0.03858059, 0.04235011, 0.06241703, 0.05640734, 0.01082348, 0.03016372, 0.07340589},
{0.07401485, 0.04725853, 0.04128631, 0.05131083, 0.05357406, 0.05444647, 0.03354372, 0.07522562, 0.02591634, 0.05625499, 0.09627332, 0.04802146, 0.02142573, 0.03949038, 0.05096598, 0.06676664, 0.05395934, 0.01211265, 0.03188702, 0.06626577},
{0.08314963, 0.06778740, 0.03879746, 0.05783455, 0.01148759, 0.08490115, 0.04284042, 0.06327886, 0.02005997, 0.05606620, 0.09033252, 0.07676544, 0.01937450, 0.03508504, 0.04291218, 0.05982872, 0.04856968, 0.00983643, 0.02703746, 0.06405480},
{0.08290626, 0.05820076, 0.04035726, 0.05387266, 0.01264251, 0.07239797, 0.05688472, 0.06422032, 0.02298964, 0.05711039, 0.09770163, 0.05854643, 0.02079736, 0.03672453, 0.04619917, 0.06476189, 0.05019380, 0.01093388, 0.02780137, 0.06475746},
{0.08348028, 0.05165942, 0.03424094, 0.04810045, 0.01406973, 0.05537426, 0.03211747, 0.08503806, 0.02326011, 0.06469031, 0.09524011, 0.04901288, 0.02188833, 0.04162491, 0.05116699, 0.06440640, 0.05741997, 0.01099404, 0.03058391, 0.08563143},
{0.07500157, 0.05797963, 0.04244013, 0.05457195, 0.01570727, 0.06517488, 0.04111690, 0.07031735, 0.03238420, 0.05589241, 0.09367767, 0.05293999, 0.02140598, 0.04026903, 0.04989767, 0.06652260, 0.05509699, 0.01179166, 0.03108477, 0.06672735},
{0.08299122, 0.04770207, 0.04550621, 0.05652316, 0.01370942, 0.06512706, 0.03589383, 0.07781975, 0.02305070, 0.06562748, 0.10015168, 0.05578098, 0.02277066, 0.03989229, 0.04325087, 0.06391770, 0.05335322, 0.01076092, 0.02978010, 0.06639067},
{0.08744111, 0.05396085, 0.03952771, 0.05306853, 0.01409682, 0.06738083, 0.04025974, 0.07065515, 0.02426845, 0.05863689, 0.10935178, 0.05553098, 0.02319297, 0.03917120, 0.04432404, 0.06403423, 0.04996577, 0.01140038, 0.02964685, 0.06408572},
{0.07383033, 0.05382153, 0.04378146, 0.05766229, 0.01145875, 0.08153017, 0.04132741, 0.06604515, 0.02027371, 0.06240235, 0.09310915, 0.07714860, 0.01923798, 0.03818752, 0.04243338, 0.06319387, 0.04919547, 0.00951410, 0.02888403, 0.06696276},
{0.08784252, 0.05245443, 0.04075606, 0.05451647, 0.01434903, 0.06473411, 0.03768303, 0.07314192, 0.02361061, 0.05818399, 0.10066883, 0.05323179, 0.02793414, 0.04029073, 0.04290379, 0.06393918, 0.05221127, 0.01166004, 0.03104941, 0.06883865},
{0.07683926, 0.05090311, 0.04373993, 0.05762935, 0.01398364, 0.06496681, 0.03713311, 0.06994746, 0.02438582, 0.05867520, 0.09960408, 0.05482674, 0.02390599, 0.04504273, 0.04863779, 0.06719169, 0.05270929, 0.01301771, 0.03209882, 0.06476148},
{0.08100718, 0.05576004, 0.03392893, 0.04946842, 0.01451841, 0.06266009, 0.03989928, 0.06642871, 0.02227963, 0.05894050, 0.09315482, 0.05220148, 0.02114133, 0.03798249, 0.06809054, 0.06884362, 0.05766056, 0.01176341, 0.02898367, 0.07528689},
{0.07600143, 0.05234577, 0.04305152, 0.05691220, 0.01378774, 0.06893734, 0.04078932, 0.06853804, 0.02258143, 0.05549527, 0.09210410, 0.05519210, 0.02017416, 0.03839228, 0.05150452, 0.08325430, 0.05630642, 0.01081398, 0.02896512, 0.06485296},
{0.08137479, 0.05240473, 0.04226833, 0.05671938, 0.01361526, 0.06855600, 0.04141358, 0.07329195, 0.02318950, 0.05722514, 0.08937683, 0.05408924, 0.02089798, 0.03775553, 0.05027502, 0.06946952, 0.06050387, 0.01090442, 0.02877862, 0.06789031},
{0.07734506, 0.05707651, 0.04318030, 0.05813551, 0.01383550, 0.06560011, 0.03911483, 0.07557540, 0.02456240, 0.04928476, 0.09396829, 0.05299658, 0.02225697, 0.04249999, 0.05348465, 0.06562902, 0.04997808, 0.01668971, 0.03206506, 0.06672127},
{0.07208569, 0.05255661, 0.04521440, 0.05988408, 0.01405693, 0.06756285, 0.03969014, 0.06839321, 0.02377520, 0.05956064, 0.09353101, 0.05840594, 0.02292562, 0.04117781, 0.04927400, 0.06662935, 0.05282758, 0.01161905, 0.03543522, 0.06539469},
{0.08913786, 0.05007431, 0.04017928, 0.05699969, 0.01388449, 0.06439097, 0.03510561, 0.08085965, 0.02299240, 0.05886254, 0.09680106, 0.05200661, 0.02307505, 0.03713720, 0.04678314, 0.06451972, 0.05468848, 0.01075091, 0.02848077, 0.07327025},
},{
{0.11503811, 0.05693644, 0.03385194, 0.05135478, 0.01246744, 0.06455027, 0.03749981, 0.08128276, 0.02175770, 0.05379762, 0.09707037, 0.05226889, 0.02093484, 0.03522029, 0.04554023, 0.06156787, 0.05077291, 0.01044795, 0.02696418, 0.07067558},
{0.08291480, 0.06811983, 0.03615410, 0.05571641, 0.01291933, 0.07858147, 0.04148851, 0.06868308, 0.02249325, 0.05721528, 0.09655808, 0.05556143, 0.02121655, 0.03600121, 0.04792002, 0.06277177, 0.04961558, 0.01105991, 0.02785964, 0.06714975},
{0.07320007, 0.05102729, 0.05531520, 0.05247682, 0.01329747, 0.06462568, 0.03983771, 0.06175514, 0.02252253, 0.06705754, 0.09267197, 0.06253759, 0.02176261, 0.04104479, 0.04259953, 0.06965854, 0.05547888, 0.01143152, 0.03238290, 0.06931621},
{0.08495176, 0.06030567, 0.04102886, 0.05798292, 0.01289087, 0.07122832, 0.03918088, 0.06142624, 0.02202545, 0.06234802, 0.09387249, 0.06031710, 0.02109963, 0.03989947, 0.04308351, 0.06198570, 0.05163375, 0.01117790, 0.03081443, 0.07274703},
{0.07182205, 0.04907397, 0.04310102, 0.05305989, 0.02839730, 0.05758141, 0.03616909, 0.09190357, 0.02698748, 0.05429907, 0.09541877, 0.04988750, 0.02160128, 0.04743433, 0.04751145, 0.06764450, 0.05148285, 0.01241776, 0.03144868, 0.06275802},
{0.08317430, 0.06566383, 0.04001812, 0.05548825, 0.01113482, 0.08410007, 0.04533140, 0.05828727, 0.02172448, 0.05628117, 0.09273888, 0.07560123, 0.01933620, 0.03509014, 0.04210480, 0.06114050, 0.04984318, 0.01006035, 0.02813977, 0.06474125},
{0.07992401, 0.05575393, 0.04200334, 0.06090415, 0.01186404, 0.07810033, 0.05673206, 0.06149403, 0.02364227, 0.05490449, 0.09555284, 0.05824055, 0.02063842, 0.03608573, 0.04573355, 0.06434089, 0.05130245, 0.01202867, 0.02745225, 0.06330202},
{0.08975531, 0.05599466, 0.03594338, 0.05230830, 0.01385533, 0.05972151, 0.03421516, 0.08452017, 0.02205982, 0.05847942, 0.09273486, 0.04837999, 0.02082623, 0.03964872, 0.04971468, 0.06755331, 0.05667774, 0.01114908, 0.02991430, 0.07654804},
{0.07534866, 0.05426542, 0.03865376, 0.05361540, 0.01438559, 0.06467389, 0.04142144, 0.06679780, 0.03475315, 0.05904374, 0.09914133, 0.05498872, 0.02267432, 0.03910105, 0.04929963, 0.06440159, 0.05382437, 0.01104116, 0.03021986, 0.07234912},
{0.07464557, 0.04977965, 0.04505167, 0.05649634, 0.01473441, 0.06344255, 0.03546861, 0.07405817, 0.02314798, 0.06790285, 0.10230421, 0.05970296, 0.02373308, 0.03996352, 0.04287353, 0.06335793, 0.05511582, 0.00996067, 0.02921752, 0.06904295},
{0.08042915, 0.05233413, 0.03955375, 0.05482389, 0.01461422, 0.06429780, 0.03918629, 0.07823227, 0.02288798, 0.06009000, 0.10757257, 0.05347118, 0.02268375, 0.04038818, 0.04788223, 0.06277464, 0.05046364, 0.01077767, 0.02969813, 0.06783853},
{0.07346320, 0.05134696, 0.04252856, 0.05905910, 0.01302774, 0.08636767, 0.04003193, 0.05955870, 0.02027081, 0.06447680, 0.09169812, 0.07546517, 0.01967790, 0.03790934, 0.04244901, 0.06386969, 0.05186938, 0.01014040, 0.02919974, 0.06758980},
{0.08194627, 0.05208361, 0.04075900, 0.05523299, 0.01397172, 0.06564585, 0.03874113, 0.08165497, 0.02405788, 0.05871908, 0.09890158, 0.05428241, 0.02811803, 0.04103638, 0.04504183, 0.06214120, 0.04981156, 0.01131900, 0.03021843, 0.06631709},
{0.07236325, 0.04998123, 0.04314083, 0.05565852, 0.01685442, 0.06043589, 0.03643365, 0.07317240, 0.02447499, 0.05851996, 0.10113754, 0.05634887, 0.02351301, 0.04801726, 0.04704031, 0.06616938, 0.05382696, 0.01201840, 0.03305482, 0.06783831},
{0.08614288, 0.05689456, 0.03604828, 0.05079652, 0.01271949, 0.06628567, 0.04033822, 0.07189776, 0.02289665, 0.05483350, 0.08810699, 0.05420001, 0.01959779, 0.03704237, 0.06748246, 0.06923463, 0.05541529, 0.01169108, 0.02893263, 0.06944323},
{0.08061082, 0.05422873, 0.04237842, 0.05230408, 0.01351630, 0.06195604, 0.03916515, 0.06745748, 0.02249634, 0.05734108, 0.09405106, 0.05742630, 0.02072646, 0.03916998, 0.05021268, 0.08480391, 0.05646193, 0.01104367, 0.02932455, 0.06532503},
{0.08241009, 0.05226144, 0.04177745, 0.05208211, 0.01380613, 0.06344956, 0.03765654, 0.06641016, 0.02262555, 0.06300965, 0.09863929, 0.05495338, 0.02351286, 0.03812773, 0.04955628, 0.06782966, 0.05954381, 0.01150129, 0.02884590, 0.07200111},
{0.07310102, 0.06092338, 0.04484417, 0.05454241, 0.01766529, 0.06249644, 0.04297896, 0.07865375, 0.02766821, 0.05118946, 0.09069399, 0.05351459, 0.02185466, 0.04196512, 0.04831331, 0.06525449, 0.05413167, 0.01625951, 0.03227556, 0.06167400},
{0.06744950, 0.05426361, 0.04556398, 0.05807600, 0.01617458, 0.06398007, 0.04009071, 0.06917075, 0.02407925, 0.06058412, 0.09559661, 0.06308846, 0.02287846, 0.04016688, 0.04665680, 0.06432285, 0.05309156, 0.01230560, 0.03485961, 0.06760059},
{0.08201426, 0.05228351, 0.04054336, 0.05924179, 0.01479382, 0.06478061, 0.03507717, 0.08029338, 0.02225286, 0.05950713, 0.10011656, 0.05341100, 0.02222547, 0.03689257, 0.04706442, 0.06263098, 0.05571665, 0.00990445, 0.02775278, 0.07349722},
},{
{0.09882775, 0.05663839, 0.03598874, 0.05327460, 0.01239902, 0.06608891, 0.03910499, 0.07592719, 0.02216760, 0.05713357, 0.10149447, 0.05426689, 0.02225936, 0.03620139, 0.04576842, 0.06141855, 0.05141168, 0.01078689, 0.02690919, 0.07193240},
{0.08451750, 0.06676572, 0.03800051, 0.05416526, 0.01371809, 0.07011056, 0.04008876, 0.07165054, 0.02429512, 0.05486662, 0.09913768, 0.05652648, 0.02138306, 0.03657698, 0.04585696, 0.06317454, 0.05160530, 0.01095024, 0.02886963, 0.06774045},
{0.07385038, 0.05010996, 0.05309080, 0.05414122, 0.01412577, 0.06460725, 0.04041849, 0.06025731, 0.02296755, 0.06715500, 0.09738669, 0.06026096, 0.02137832, 0.04198260, 0.04373989, 0.06813303, 0.05476296, 0.01121430, 0.03170155, 0.06871598},
{0.08280974, 0.05603463, 0.03751243, 0.05602753, 0.01387689, 0.07008628, 0.03747085, 0.06500675, 0.02217848, 0.06377842, 0.10110649, 0.05549325, 0.02330512, 0.04015057, 0.04322994, 0.06142144, 0.05314395, 0.01166999, 0.03157205, 0.07412521},
{0.07401756, 0.05480738, 0.04148760, 0.05430355, 0.02978548, 0.06346250, 0.03709491, 0.07628227, 0.02550318, 0.05434557, 0.09006462, 0.05840633, 0.02066970, 0.03677902, 0.05054265, 0.06944534, 0.05433755, 0.01183008, 0.03045622, 0.06637848},
{0.08437251, 0.05525171, 0.03683452, 0.05446577, 0.01367125, 0.07773206, 0.03888267, 0.06128398, 0.02136350, 0.06405706, 0.10667823, 0.06047906, 0.02209718, 0.04041127, 0.04143558, 0.05919413, 0.04920882, 0.01065308, 0.03110771, 0.07081990},
{0.08366064, 0.05569220, 0.03920227, 0.05029249, 0.01302604, 0.06834590, 0.05169508, 0.06300170, 0.02339533, 0.05896449, 0.10369129, 0.05711141, 0.02219949, 0.03873997, 0.04606556, 0.06420706, 0.05172792, 0.01148911, 0.02994501, 0.06754706},
{0.08462467, 0.05397673, 0.03662647, 0.05416411, 0.01447871, 0.06083993, 0.03539671, 0.08097434, 0.02254994, 0.06178908, 0.09641411, 0.04838751, 0.02349332, 0.03976111, 0.04741249, 0.06390877, 0.05554561, 0.01158128, 0.02928759, 0.07878752},
{0.08075060, 0.05532067, 0.03931166, 0.05544805, 0.01438800, 0.06473489, 0.04105727, 0.06840852, 0.03031147, 0.05776421, 0.09468573, 0.05380831, 0.02091228, 0.03834025, 0.05013190, 0.06641485, 0.05709056, 0.01217633, 0.03019727, 0.06874720},
{0.07811789, 0.05248555, 0.04699431, 0.05853111, 0.01300758, 0.06949266, 0.03757487, 0.07929864, 0.02232113, 0.06056265, 0.08879719, 0.06432378, 0.02080094, 0.03883544, 0.04694286, 0.06652504, 0.05317988, 0.00969178, 0.02827140, 0.06424529},
{0.08367020, 0.05671774, 0.04152935, 0.05594600, 0.01327439, 0.06917624, 0.04157617, 0.07421837, 0.02257153, 0.05791040, 0.09527920, 0.05941735, 0.02043459, 0.03813070, 0.04832731, 0.06566150, 0.05173172, 0.01059273, 0.02805225, 0.06578226},
{0.07592003, 0.05430264, 0.04354101, 0.05355711, 0.01304864, 0.07243068, 0.03841009, 0.06245363, 0.02137826, 0.06497500, 0.09703020, 0.07376740, 0.02130283, 0.03913170, 0.04169111, 0.06406549, 0.05184635, 0.01035174, 0.03148253, 0.06931355},
{0.08487408, 0.05571704, 0.04075929, 0.05380733, 0.01320765, 0.06965504, 0.03991993, 0.07712890, 0.02316514, 0.05741092, 0.09378787, 0.05738330, 0.02551140, 0.03950293, 0.04630951, 0.06459490, 0.05170598, 0.01070813, 0.02805247, 0.06679817},
{0.07579499, 0.05276947, 0.04514899, 0.05796367, 0.01421782, 0.06600211, 0.03765763, 0.07373959, 0.02425383, 0.05852612, 0.09340141, 0.05915211, 0.02121040, 0.04349673, 0.04940345, 0.06665055, 0.05348471, 0.01142745, 0.03071797, 0.06498101},
{0.08572331, 0.05512601, 0.03542946, 0.05142220, 0.01394173, 0.06460025, 0.03950809, 0.06902339, 0.02318900, 0.05658918, 0.09496134, 0.05157329, 0.02087058, 0.03715290, 0.06311102, 0.06943297, 0.05503621, 0.01197494, 0.02999574, 0.07133836},
{0.07881162, 0.05317802, 0.04135160, 0.05265984, 0.01466072, 0.06454959, 0.04018344, 0.06572772, 0.02277242, 0.05876995, 0.09904874, 0.05599004, 0.02143288, 0.03888059, 0.04951013, 0.07855607, 0.05631937, 0.01126021, 0.02901569, 0.06732137},
{0.08381144, 0.05437181, 0.04021725, 0.05447178, 0.01352744, 0.06631504, 0.03831973, 0.06970666, 0.02270469, 0.05905562, 0.09706549, 0.05626233, 0.02181760, 0.03830435, 0.04714591, 0.06852400, 0.05924964, 0.01089978, 0.02922382, 0.06900561},
{0.07808828, 0.05498672, 0.04086029, 0.05563842, 0.01544139, 0.06407038, 0.04241596, 0.07680853, 0.02404267, 0.05397421, 0.09618565, 0.05591530, 0.02115516, 0.04189499, 0.05303599, 0.06527584, 0.05247257, 0.01425523, 0.03013462, 0.06334778},
{0.07393488, 0.05475592, 0.04599929, 0.06076751, 0.01526998, 0.06910484, 0.03947462, 0.07380104, 0.02414104, 0.05845094, 0.08970680, 0.06178360, 0.02005098, 0.04070270, 0.04700496, 0.06568091, 0.05190058, 0.01101050, 0.03341794, 0.06304097},
{0.08620499, 0.05613325, 0.04132714, 0.05949870, 0.01300418, 0.06928768, 0.03775043, 0.08400440, 0.02235079, 0.05362049, 0.08855301, 0.05838334, 0.02092578, 0.03603994, 0.04901377, 0.06522048, 0.05336766, 0.01011846, 0.02677653, 0.06841897},
},{
{0.09860523, 0.05735632, 0.03682244, 0.05408599, 0.01216405, 0.06764875, 0.03949797, 0.07491839, 0.02204208, 0.05529039, 0.09806008, 0.05522415, 0.02170586, 0.03620435, 0.04836323, 0.06245716, 0.05275704, 0.01007056, 0.02622913, 0.07049682},
{0.08528372, 0.06501805, 0.03687644, 0.05405489, 0.01370992, 0.06838376, 0.03846807, 0.07312543, 0.02311611, 0.05709819, 0.09819205, 0.05527169, 0.02166129, 0.03765741, 0.04857465, 0.06326841, 0.05073157, 0.01118170, 0.02839557, 0.06993109},
{0.07566462, 0.04864079, 0.05361731, 0.05424481, 0.01403388, 0.06471774, 0.03886133, 0.06446320, 0.02198900, 0.06658762, 0.09683261, 0.06098984, 0.02131453, 0.04177513, 0.04299434, 0.06747746, 0.05357853, 0.01082871, 0.03190848, 0.06948007},
{0.08119096, 0.05649715, 0.03876787, 0.05971645, 0.01387681, 0.06949119, 0.03824280, 0.06785478, 0.02187266, 0.06335850, 0.09988159, 0.05624888, 0.02131473, 0.04032060, 0.04388482, 0.06174553, 0.05170446, 0.01123283, 0.03101194, 0.07178545},
{0.07812222, 0.05449285, 0.04174102, 0.05435406, 0.03032398, 0.06407192, 0.03790526, 0.07556084, 0.02445296, 0.05070756, 0.08799303, 0.05524685, 0.02083705, 0.03892614, 0.05317909, 0.07033103, 0.05410897, 0.01239166, 0.03192795, 0.06332557},
{0.08141786, 0.05636646, 0.03810938, 0.05488062, 0.01327656, 0.07680039, 0.03903046, 0.06635026, 0.02139684, 0.06342127, 0.10404444, 0.06164820, 0.02191477, 0.03871001, 0.04298444, 0.05971933, 0.04910112, 0.01057209, 0.02887326, 0.07138223},
{0.08228496, 0.05650832, 0.03933962, 0.05081643, 0.01381267, 0.06683495, 0.05184665, 0.06675990, 0.02364087, 0.05887220, 0.10405422, 0.05661956, 0.02173012, 0.03806789, 0.04720186, 0.06316316, 0.05106463, 0.01155065, 0.02914031, 0.06669101},
{0.08743134, 0.05367072, 0.03600086, 0.05353254, 0.01529854, 0.06174726, 0.03588067, 0.08369060, 0.02256710, 0.06088599, 0.09474438, 0.05206905, 0.02288764, 0.03799095, 0.04632756, 0.06413220, 0.05464323, 0.01170286, 0.02885013, 0.07594637},
{0.07911615, 0.05596132, 0.04115574, 0.05298818, 0.01621065, 0.06476166, 0.03984015, 0.07091741, 0.02824840, 0.05902417, 0.09741925, 0.05278888, 0.02216525, 0.04002026, 0.04847448, 0.06512420, 0.05285084, 0.01203521, 0.03194430, 0.06895351},
{0.07906579, 0.05320663, 0.04582473, 0.05774309, 0.01229154, 0.07102166, 0.03825020, 0.07368921, 0.02318994, 0.06113625, 0.09205576, 0.06391937, 0.02084004, 0.03859027, 0.04436343, 0.06523861, 0.05343547, 0.00992761, 0.02947860, 0.06673179},
{0.08369578, 0.05631128, 0.04138832, 0.05717677, 0.01281757, 0.07074425, 0.04161910, 0.06911385, 0.02367458, 0.05755504, 0.09727028, 0.05888633, 0.02082118, 0.03727147, 0.04657066, 0.06615781, 0.05284655, 0.01081749, 0.02822107, 0.06704064},
{0.07622570, 0.05316351, 0.04196454, 0.05329163, 0.01367631, 0.07107454, 0.03755066, 0.06676624, 0.02141854, 0.06608000, 0.09767073, 0.07141573, 0.02134532, 0.04088515, 0.04196463, 0.06252685, 0.05020825, 0.01042824, 0.03185027, 0.07049315},
{0.08335400, 0.05683445, 0.04276642, 0.05481558, 0.01280153, 0.06990210, 0.03910730, 0.07405554, 0.02303067, 0.05757753, 0.09358461, 0.05962991, 0.02505859, 0.03771826, 0.04590260, 0.06413752, 0.05249047, 0.01022131, 0.03048612, 0.06652549},
{0.07699328, 0.05437112, 0.04433535, 0.05679975, 0.01325720, 0.06688760, 0.03945239, 0.07076802, 0.02372127, 0.05910487, 0.09412220, 0.05883951, 0.02168354, 0.04270185, 0.04755584, 0.06775182, 0.05350146, 0.01188525, 0.03060959, 0.06565806},
{0.08309121, 0.05425939, 0.03551091, 0.05238026, 0.01530637, 0.06109729, 0.03832483, 0.06775333, 0.02312359, 0.05747009, 0.09900629, 0.04955476, 0.02229661, 0.04016031, 0.06282820, 0.06829288, 0.05695793, 0.01252308, 0.02956759, 0.07049508},
{0.07974431, 0.05440296, 0.04155308, 0.05191988, 0.01416403, 0.06400428, 0.04015339, 0.06756601, 0.02219769, 0.05836621, 0.09797618, 0.05667234, 0.02150778, 0.03945600, 0.04909213, 0.08029047, 0.05576695, 0.01081198, 0.02869717, 0.06565715},
{0.08548121, 0.05349212, 0.04073905, 0.05352255, 0.01375430, 0.06668555, 0.03934523, 0.07011184, 0.02286495, 0.05857514, 0.09498130, 0.05651509, 0.02242145, 0.03841126, 0.04802567, 0.06784471, 0.05923290, 0.01062302, 0.02935428, 0.06801841},
{0.07894631, 0.05466156, 0.03948088, 0.05594436, 0.01496737, 0.06601414, 0.03925115, 0.07410761, 0.02559168, 0.05288650, 0.09693148, 0.05230205, 0.02189484, 0.04221538, 0.05270166, 0.06403396, 0.05497430, 0.01616812, 0.03196607, 0.06496059},
{0.07421967, 0.05487143, 0.04437422, 0.05774899, 0.01432031, 0.06952230, 0.04066765, 0.06997730, 0.02394739, 0.05953827, 0.09171740, 0.06147999, 0.02101039, 0.03952190, 0.04845499, 0.06526898, 0.05300530, 0.01185249, 0.03339401, 0.06510702},
{0.08466324, 0.05555332, 0.04117220, 0.05790268, 0.01297345, 0.06909828, 0.03773574, 0.08065573, 0.02327039, 0.05519055, 0.09073249, 0.05727540, 0.02083512, 0.03676529, 0.04759995, 0.06535688, 0.05482099, 0.01013390, 0.02844106, 0.06982336},
},{
{0.09908440, 0.05655399, 0.03620458, 0.05458453, 0.01220182, 0.06603479, 0.03960570, 0.07636957, 0.02214799, 0.05601621, 0.09803955, 0.05323747, 0.02156257, 0.03639678, 0.04811560, 0.06236496, 0.05297381, 0.01063324, 0.02613019, 0.07174226},
{0.08420687, 0.06765637, 0.03718432, 0.05597186, 0.01348983, 0.06934391, 0.04120168, 0.07395782, 0.02295934, 0.05550034, 0.09560082, 0.05699613, 0.02073566, 0.03619757, 0.04828611, 0.06217634, 0.04950843, 0.01142211, 0.02823481, 0.06936968},
{0.07391577, 0.04976575, 0.05416618, 0.05590682, 0.01424350, 0.06735445, 0.03950165, 0.06529859, 0.02233307, 0.06424622, 0.09510768, 0.06166625, 0.02162815, 0.03996479, 0.04282917, 0.06890194, 0.05382509, 0.01083331, 0.03134917, 0.06716246},
{0.08379283, 0.05720234, 0.04146209, 0.06274119, 0.01323295, 0.07354543, 0.03859574, 0.06655669, 0.02261055, 0.06000769, 0.09245538, 0.05963652, 0.02083243, 0.03809701, 0.04394104, 0.06466551, 0.05295314, 0.01066909, 0.02907944, 0.06792291},
{0.07286683, 0.05471057, 0.04017432, 0.05052046, 0.03179563, 0.05760474, 0.03656006, 0.07167993, 0.02649438, 0.05475419, 0.09522046, 0.05375899, 0.02199703, 0.04634068, 0.04925283, 0.06924797, 0.05291530, 0.01271917, 0.03382392, 0.06756252},
{0.08157009, 0.06063298, 0.04085216, 0.06086765, 0.01212085, 0.08770573, 0.04335630, 0.06371887, 0.02122168, 0.05677949, 0.08883120, 0.06876197, 0.01981266, 0.03544845, 0.04436499, 0.06274476, 0.04950266, 0.00959488, 0.02672911, 0.06538353},
{0.08155935, 0.05729506, 0.04227112, 0.05550894, 0.01288346, 0.07109221, 0.05499194, 0.06584960, 0.02328039, 0.05542105, 0.09349201, 0.05923244, 0.02131006, 0.03580280, 0.04726401, 0.06649549, 0.05213819, 0.01069315, 0.02813689, 0.06528183},
{0.09134301, 0.05398381, 0.03744284, 0.05406744, 0.01422898, 0.06235263, 0.03524635, 0.08260460, 0.02254632, 0.05842339, 0.09253675, 0.05009049, 0.02211021, 0.03826240, 0.04894439, 0.06700468, 0.05648240, 0.01104536, 0.02806844, 0.07321553},
{0.08186586, 0.05717005, 0.04038441, 0.05548705, 0.01452407, 0.06636888, 0.04134507, 0.07034882, 0.02744973, 0.05731821, 0.09711181, 0.05430864, 0.02274283, 0.03900537, 0.04850655, 0.06401902, 0.05163077, 0.01153160, 0.03043203, 0.06844923},
{0.07692904, 0.05146956, 0.04317469, 0.05400936, 0.01291970, 0.06548508, 0.03531252, 0.07580074, 0.02272870, 0.06708641, 0.09798652, 0.06099748, 0.02229168, 0.04056667, 0.04465829, 0.06449207, 0.05426890, 0.01015248, 0.03112365, 0.06854645},
{0.08243557, 0.05485136, 0.03854150, 0.05207829, 0.01371900, 0.06489504, 0.03884501, 0.06967855, 0.02425253, 0.06046893, 0.10774570, 0.05437407, 0.02159101, 0.04091099, 0.04612551, 0.06421666, 0.05225931, 0.01132189, 0.03078013, 0.07090896},
{0.07423612, 0.05402070, 0.04494726, 0.05766601, 0.01349113, 0.07623156, 0.03911931, 0.06625528, 0.02081680, 0.06294071, 0.09062672, 0.07593412, 0.01985687, 0.03835224, 0.04325767, 0.06427402, 0.05116285, 0.00988232, 0.02914239, 0.06778594},
{0.08187156, 0.05283240, 0.03994148, 0.05251663, 0.01384875, 0.06627482, 0.03861231, 0.07293434, 0.02418783, 0.06070580, 0.10220482, 0.05500337, 0.02641657, 0.04077471, 0.04631314, 0.06265940, 0.05339197, 0.01026638, 0.03019183, 0.06905187},
{0.07726774, 0.05071440, 0.04131184, 0.05282451, 0.01500530, 0.06416848, 0.03652023, 0.06950592, 0.02352450, 0.06227618, 0.10280276, 0.05730770, 0.02273841, 0.04489821, 0.04616114, 0.06445581, 0.05254752, 0.01233413, 0.03413000, 0.06950524},
{0.08382707, 0.05540454, 0.03594815, 0.05219761, 0.01471534, 0.06459874, 0.04118553, 0.07277489, 0.02303554, 0.05682178, 0.09563562, 0.05199518, 0.02132294, 0.03691954, 0.06051936, 0.06852861, 0.05488916, 0.01230399, 0.02822311, 0.06915329},
{0.07976156, 0.05419738, 0.04173935, 0.05290904, 0.01416099, 0.06365911, 0.03965743, 0.06632232, 0.02213567, 0.05949792, 0.09827611, 0.05521427, 0.02128318, 0.03928716, 0.04890052, 0.07908176, 0.05574301, 0.01087502, 0.02912159, 0.06817660},
{0.08657562, 0.05292351, 0.04107957, 0.05294622, 0.01424749, 0.06462931, 0.03846453, 0.07099401, 0.02303630, 0.05860184, 0.09836362, 0.05534496, 0.02262975, 0.03843002, 0.04690951, 0.06800840, 0.05848356, 0.01088295, 0.02948547, 0.06796337},
{0.08157931, 0.05337559, 0.03873292, 0.05202358, 0.01824623, 0.06273289, 0.03734664, 0.07077875, 0.02363927, 0.05764598, 0.10303848, 0.05379905, 0.02297341, 0.04216315, 0.04879471, 0.06135819, 0.04973774, 0.01857651, 0.03421772, 0.06923988},
{0.07329110, 0.05306259, 0.04433910, 0.05531350, 0.01448023, 0.06663937, 0.03826235, 0.07024114, 0.02375104, 0.06156885, 0.09640768, 0.06071320, 0.02256405, 0.04120648, 0.04649926, 0.06420303, 0.05279433, 0.01243398, 0.03573563, 0.06649310},
{0.08450589, 0.05477359, 0.03968561, 0.05424300, 0.01299455, 0.06517818, 0.03661613, 0.08032905, 0.02295504, 0.05872250, 0.09646621, 0.05666190, 0.02239529, 0.03834353, 0.04890964, 0.06190038, 0.05464291, 0.01048466, 0.02856243, 0.07162950},
},{
{0.09841186, 0.05653114, 0.03624330, 0.05371759, 0.01281062, 0.06685708, 0.03883469, 0.07518623, 0.02259783, 0.05686848, 0.09810662, 0.05365592, 0.02117041, 0.03660128, 0.04770939, 0.06191531, 0.05205184, 0.01081083, 0.02687077, 0.07304877},
{0.08514681, 0.06682495, 0.03730382, 0.05563754, 0.01356649, 0.06997007, 0.04116494, 0.06975577, 0.02341078, 0.05503725, 0.09701687, 0.05606508, 0.02160438, 0.03669714, 0.04711028, 0.06330157, 0.05156585, 0.01070741, 0.02842249, 0.06969052},
{0.07502291, 0.05138429, 0.05422838, 0.05553743, 0.01484090, 0.06645287, 0.03909841, 0.06545780, 0.02218964, 0.06341329, 0.09499059, 0.06097445, 0.02182217, 0.03936580, 0.04382229, 0.06884148, 0.05464401, 0.01077408, 0.03151409, 0.06562512},
{0.08441195, 0.05620250, 0.04054451, 0.06161175, 0.01325890, 0.07286016, 0.03876080, 0.06731783, 0.02284835, 0.05945174, 0.09570640, 0.05730364, 0.02144460, 0.03716352, 0.04403292, 0.06469532, 0.05282603, 0.01067935, 0.02954036, 0.06933936},
{0.07576990, 0.05400214, 0.04127108, 0.05434830, 0.02593325, 0.06139006, 0.03758019, 0.07320031, 0.02582668, 0.05576593, 0.09357383, 0.05493789, 0.02135221, 0.03944289, 0.05103616, 0.07231170, 0.05402974, 0.01211309, 0.03068219, 0.06543248},
{0.08239341, 0.05726220, 0.04021110, 0.05921174, 0.01331203, 0.08341613, 0.04142583, 0.06371598, 0.02233634, 0.05826221, 0.09429290, 0.06407544, 0.02101648, 0.03551147, 0.04327986, 0.06220035, 0.05164835, 0.01008843, 0.02928735, 0.06705239},
{0.08235364, 0.05634761, 0.04155386, 0.05400264, 0.01329793, 0.07038179, 0.05306942, 0.06396754, 0.02284127, 0.05590956, 0.09707954, 0.05925855, 0.02148864, 0.03651878, 0.04707203, 0.06651900, 0.05258686, 0.01101222, 0.02840812, 0.06633101},
{0.08756472, 0.05600947, 0.03836158, 0.05408920, 0.01424976, 0.06367776, 0.03629052, 0.08076150, 0.02269654, 0.05820168, 0.09567245, 0.05193992, 0.02282777, 0.03769238, 0.04937188, 0.06459875, 0.05527932, 0.01164962, 0.02831053, 0.07075464},
{0.08364302, 0.05631652, 0.03860554, 0.05702553, 0.01754692, 0.06523993, 0.04061338, 0.07322525, 0.02756114, 0.05646207, 0.09539388, 0.05591389, 0.02237875, 0.03861919, 0.04755718, 0.06461423, 0.05271319, 0.01085304, 0.02990937, 0.06580801},
{0.07734651, 0.05124062, 0.04379479, 0.05456062, 0.01308712, 0.06612459, 0.03658089, 0.07450334, 0.02272592, 0.06718981, 0.09634262, 0.06165989, 0.02185721, 0.04131850, 0.04494771, 0.06382565, 0.05343482, 0.01044205, 0.03006965, 0.06894771},
{0.08101195, 0.05464818, 0.03911785, 0.05271807, 0.01325100, 0.06662469, 0.03951696, 0.07256899, 0.02293560, 0.06119435, 0.10393263, 0.05604864, 0.02117977, 0.04044065, 0.04735052, 0.06407975, 0.05146711, 0.01112438, 0.02881319, 0.07197573},
{0.07543519, 0.05367635, 0.04372242, 0.05689847, 0.01318802, 0.07505569, 0.03935375, 0.06589139, 0.02119141, 0.06262356, 0.09231716, 0.07439805, 0.02083924, 0.03863477, 0.04288801, 0.06522708, 0.05192636, 0.00973968, 0.02984934, 0.06714406},
{0.08297458, 0.05437926, 0.04008221, 0.05231607, 0.01273623, 0.06452688, 0.03834446, 0.07399420, 0.02308701, 0.06245339, 0.09788527, 0.05659685, 0.02531317, 0.04093920, 0.04632106, 0.06397230, 0.05214722, 0.01080635, 0.03075237, 0.07037191},
{0.07681531, 0.05176928, 0.04144939, 0.05347142, 0.01399465, 0.06202257, 0.03674419, 0.07110896, 0.02326449, 0.06331981, 0.10121183, 0.05635776, 0.02274886, 0.04648267, 0.04658196, 0.06474193, 0.05334094, 0.01210170, 0.03236926, 0.07010303},
{0.08530634, 0.05581451, 0.03850382, 0.05385813, 0.01425941, 0.06570614, 0.04103511, 0.07195275, 0.02282451, 0.05386081, 0.09303280, 0.05482111, 0.02129408, 0.03770474, 0.05983690, 0.06855775, 0.05504673, 0.01120357, 0.02848038, 0.06690042},
{0.08045700, 0.05384261, 0.04154102, 0.05291809, 0.01461888, 0.06495363, 0.03960120, 0.06778851, 0.02217562, 0.05785035, 0.09769629, 0.05638807, 0.02095505, 0.03900084, 0.04869915, 0.07941408, 0.05528198, 0.01097293, 0.02880320, 0.06704149},
{0.08522218, 0.05440511, 0.04029146, 0.05273840, 0.01352008, 0.06391992, 0.03908050, 0.07222514, 0.02291669, 0.05928695, 0.09703082, 0.05630568, 0.02181362, 0.03885037, 0.04693575, 0.06704470, 0.05820595, 0.01105645, 0.03012413, 0.06902610},
{0.08020389, 0.05730135, 0.03771207, 0.05212873, 0.01585847, 0.06116182, 0.03815671, 0.07196669, 0.02501591, 0.05861301, 0.10095919, 0.05376310, 0.02179312, 0.04282953, 0.05281673, 0.06267379, 0.05037727, 0.01696837, 0.03230237, 0.06739789},
{0.07467553, 0.05442054, 0.04380592, 0.05651676, 0.01445436, 0.06543266, 0.03779817, 0.07202957, 0.02449512, 0.06155981, 0.09364588, 0.05938244, 0.02269384, 0.04229832, 0.04745834, 0.06409349, 0.05283142, 0.01220212, 0.03398164, 0.06622408},
{0.08440304, 0.05489229, 0.03967517, 0.05530538, 0.01309847, 0.06669446, 0.03708342, 0.07955887, 0.02275814, 0.05853732, 0.09550975, 0.05621732, 0.02137608, 0.03809787, 0.04806209, 0.06333731, 0.05358002, 0.01092088, 0.02954599, 0.07134615},
},{
{0.09534871, 0.05717193, 0.03645453, 0.05388209, 0.01250373, 0.06586261, 0.03847203, 0.07633107, 0.02218529, 0.05710176, 0.09830923, 0.05475731, 0.02129090, 0.03640571, 0.04847333, 0.06171525, 0.05289689, 0.01083497, 0.02697536, 0.07302729},
{0.08543492, 0.06527171, 0.03766465, 0.05473682, 0.01362862, 0.06944230, 0.04000230, 0.07157131, 0.02352569, 0.05561185, 0.09706172, 0.05587109, 0.02097575, 0.03699473, 0.04825848, 0.06330966, 0.05127573, 0.01104744, 0.02855472, 0.06976049},
{0.07383065, 0.05045525, 0.05354120, 0.05615430, 0.01415555, 0.06633820, 0.04022657, 0.06747353, 0.02332360, 0.06315333, 0.09597076, 0.06237540, 0.02114925, 0.03905011, 0.04366199, 0.06899842, 0.05474499, 0.01050317, 0.03045305, 0.06444069},
{0.08420171, 0.05683625, 0.04081283, 0.05951586, 0.01350441, 0.07195430, 0.03883089, 0.07100047, 0.02293453, 0.05815106, 0.09508382, 0.05859536, 0.02136386, 0.03758150, 0.04445802, 0.06395699, 0.05248125, 0.01040824, 0.03032261, 0.06800603},
{0.07520739, 0.05713780, 0.04147514, 0.05513998, 0.02757153, 0.06443815, 0.03940811, 0.07134516, 0.02559793, 0.05354588, 0.09276059, 0.05749346, 0.02089406, 0.03828309, 0.04849443, 0.06893094, 0.05282803, 0.01304081, 0.03133263, 0.06507487},
