double a_2[2][20][20]={{
{0.10452459, 0.05672742, 0.03429527, 0.05327133, 0.01270278, 0.06757010, 0.03967648, 0.07513979, 0.02078387, 0.05709578, 0.10293978, 0.05537679, 0.02316299, 0.03585116, 0.04199401, 0.06139371, 0.05111352, 0.01011753, 0.02545391, 0.07080919},
{0.07942745, 0.06971050, 0.03850901, 0.05458504, 0.01313945, 0.07067488, 0.04205017, 0.06573884, 0.02484372, 0.05932219, 0.09873680, 0.05770362, 0.02203195, 0.04092040, 0.04476184, 0.05990550, 0.04770654, 0.01150212, 0.03125756, 0.06747243},
{0.07310671, 0.04867644, 0.05527144, 0.05008529, 0.01406879, 0.06064016, 0.03868508, 0.06958643, 0.02202341, 0.06836105, 0.09438606, 0.05973884, 0.02149552, 0.04084499, 0.05580034, 0.06539130, 0.05097579, 0.01167185, 0.03278707, 0.06640344},
{0.08121158, 0.05064931, 0.03760221, 0.05723720, 0.01309906, 0.07311392, 0.03270400, 0.07058903, 0.02078012, 0.06692458, 0.09999067, 0.05443017, 0.02163460, 0.04374203, 0.04728459, 0.06028188, 0.04869486, 0.01286236, 0.03432376, 0.07284405},
{0.06826480, 0.05663418, 0.04058181, 0.05447329, 0.02315073, 0.05780728, 0.03884264, 0.08882840, 0.02777884, 0.05297356, 0.09244391, 0.05123290, 0.01786032, 0.04082462, 0.05470107, 0.07474484, 0.05108556, 0.01242559, 0.03204349, 0.06330216},
{0.08545405, 0.05920432, 0.04372575, 0.05466227, 0.01136935, 0.08487177, 0.04256219, 0.06134364, 0.02124119, 0.06456090, 0.09728683, 0.07064094, 0.02372709, 0.03479363, 0.03502359, 0.05303100, 0.05055650, 0.01020296, 0.02711951, 0.06862252},
{0.08825491, 0.06049677, 0.03905689, 0.04571969, 0.01258727, 0.06618239, 0.06082583, 0.06359313, 0.02439838, 0.05805642, 0.10162425, 0.05842356, 0.02316487, 0.03556503, 0.04751847, 0.05775126, 0.05009512, 0.01155414, 0.02803888, 0.06709274},
{0.07894271, 0.05677710, 0.03642317, 0.05272633, 0.01440078, 0.06229585, 0.03654942, 0.08093323, 0.02419372, 0.06245211, 0.09186036, 0.06245109, 0.02359644, 0.04171609, 0.03886988, 0.06587630, 0.05466907, 0.01212520, 0.03124150, 0.07189967},
{0.07280914, 0.05746378, 0.03823345, 0.04654299, 0.01686741, 0.05307851, 0.04192097, 0.07575939, 0.03293573, 0.06079368, 0.10316316, 0.04675292, 0.01996988, 0.04471627, 0.06149574, 0.06486086, 0.05203542, 0.01184574, 0.03465612, 0.06409882},
{0.08370981, 0.05259431, 0.04528016, 0.06240567, 0.01473000, 0.06971090, 0.03542814, 0.06948350, 0.02231671, 0.06158980, 0.08953179, 0.05944691, 0.01873836, 0.03710454, 0.04835891, 0.06754157, 0.05681620, 0.00930455, 0.02896974, 0.06693844},
{0.08746296, 0.05769004, 0.04084381, 0.05602035, 0.01366911, 0.06690890, 0.04033211, 0.06836111, 0.02308393, 0.05380121, 0.09849672, 0.05967921, 0.02038684, 0.03732370, 0.05097306, 0.06951835, 0.05450758, 0.01004300, 0.02620465, 0.06469339},
{0.07949804, 0.05692994, 0.04592926, 0.05491955, 0.01144200, 0.07759798, 0.03985087, 0.06194926, 0.02073106, 0.06305919, 0.09201375, 0.07652080, 0.02115346, 0.03245948, 0.04416544, 0.05992973, 0.05446573, 0.00953244, 0.03041820, 0.06743385},
{0.08867224, 0.05460858, 0.04225911, 0.05577520, 0.01220704, 0.06558693, 0.03967325, 0.07345855, 0.02231903, 0.05662328, 0.09662806, 0.05987870, 0.02768129, 0.03523678, 0.04820168, 0.06106601, 0.05378240, 0.00866147, 0.02562305, 0.07205735},
{0.07414926, 0.04927479, 0.04302864, 0.06242672, 0.01692162, 0.06247096, 0.03506189, 0.07506816, 0.02354142, 0.06023104, 0.09553281, 0.05274472, 0.02029146, 0.04336207, 0.04339815, 0.07537526, 0.05595205, 0.01189520, 0.03252783, 0.06674593},
{0.08152591, 0.04874232, 0.03714055, 0.05492682, 0.01228552, 0.07665673, 0.04036228, 0.07621804, 0.02319194, 0.05063407, 0.09093738, 0.04992800, 0.01959027, 0.03907814, 0.05805128, 0.07093456, 0.05438769, 0.01128374, 0.02971327, 0.07441151},
{0.07416348, 0.05361592, 0.04014642, 0.05203635, 0.01461072, 0.05928276, 0.03903684, 0.07667094, 0.02304246, 0.05647030, 0.09747217, 0.05429626, 0.02059010, 0.04095878, 0.05033700, 0.08612781, 0.05526284, 0.01151467, 0.02896768, 0.06539651},
{0.08106834, 0.04976043, 0.03785487, 0.05178717, 0.01426935, 0.05926980, 0.03545743, 0.07743655, 0.02261755, 0.06004041, 0.10205925, 0.05019322, 0.02017904, 0.03936698, 0.05738776, 0.06755176, 0.06052853, 0.01111740, 0.02783886, 0.07421528},
{0.07129452, 0.06052683, 0.04512986, 0.05558113, 0.01540549, 0.05757012, 0.04898609, 0.06398611, 0.02498851, 0.05872305, 0.11176053, 0.05705144, 0.02472325, 0.04244267, 0.03860065, 0.06272091, 0.04967908, 0.01583654, 0.03076836, 0.06422485},
{0.07075553, 0.05847798, 0.04365029, 0.05829288, 0.01647210, 0.06161436, 0.04260465, 0.07487130, 0.02505672, 0.05749488, 0.09733142, 0.05316927, 0.01941524, 0.04477470, 0.04529451, 0.06620879, 0.05254454, 0.01223622, 0.03503228, 0.06470233},
{0.08550599, 0.05354299, 0.03946181, 0.05828928, 0.01432232, 0.06901834, 0.03435558, 0.06648166, 0.02073807, 0.06135426, 0.09616232, 0.05708387, 0.02187601, 0.03754791, 0.04745200, 0.06553938, 0.05787507, 0.01015438, 0.02712011, 0.07611863},
},{
{0.10457424, 0.06006719, 0.03495382, 0.04900396, 0.01299939, 0.06670943, 0.03989791, 0.07480175, 0.02166339, 0.05798455, 0.10102956, 0.05656711, 0.02243806, 0.03543795, 0.04211977, 0.06063506, 0.05059614, 0.00994429, 0.02680000, 0.07177640},
{0.08534598, 0.06945450, 0.03488489, 0.04663017, 0.01346719, 0.06185251, 0.03930048, 0.07419043, 0.02452442, 0.06069430, 0.10889750, 0.05530797, 0.02296114, 0.04004827, 0.04365230, 0.05851048, 0.04783567, 0.01253896, 0.03050919, 0.06939364},
{0.06820666, 0.04846986, 0.05542677, 0.05510594, 0.01321791, 0.06290303, 0.03825363, 0.06034549, 0.02194862, 0.06882291, 0.10138556, 0.06122575, 0.02087801, 0.04200114, 0.04777331, 0.06740964, 0.05695315, 0.01100291, 0.03219779, 0.06647193},
{0.07947818, 0.04916533, 0.03873931, 0.06079360, 0.01294559, 0.06910756, 0.03552273, 0.05885201, 0.02060591, 0.06946743, 0.10605955, 0.05470402, 0.02174887, 0.04113813, 0.04471421, 0.06345286, 0.05091885, 0.01108705, 0.03137664, 0.08012216},
{0.07581070, 0.05445283, 0.04440991, 0.05315666, 0.02506243, 0.06358628, 0.03880614, 0.07255238, 0.02532400, 0.05598455, 0.08768648, 0.05792107, 0.02040205, 0.03979136, 0.05029146, 0.07103083, 0.05185711, 0.01132739, 0.03014193, 0.07040442},
{0.08303636, 0.05272444, 0.03472468, 0.05074834, 0.01348045, 0.07628021, 0.03753892, 0.06684154, 0.01931971, 0.06894045, 0.11232477, 0.05970419, 0.02467792, 0.04141905, 0.03935966, 0.05518213, 0.04796749, 0.01085719, 0.03043351, 0.07443898},
{0.08153243, 0.05632740, 0.03708016, 0.04559183, 0.01299150, 0.06417399, 0.05518127, 0.06446774, 0.02304790, 0.06393886, 0.11437882, 0.05506285, 0.02333533, 0.03914653, 0.04504161, 0.05968468, 0.04775778, 0.01153106, 0.02946119, 0.07026706},
{0.07945773, 0.05411709, 0.03686574, 0.05466813, 0.01424777, 0.05704116, 0.03317142, 0.08507759, 0.02108784, 0.06160102, 0.08939056, 0.05384362, 0.02223942, 0.03785046, 0.05421487, 0.06778192, 0.06031676, 0.01108302, 0.02940964, 0.07653425},
{0.07570786, 0.05500195, 0.04011330, 0.05952957, 0.01464850, 0.06126123, 0.03926546, 0.07273647, 0.03247302, 0.05910281, 0.10313012, 0.05059966, 0.02083988, 0.04127511, 0.04957387, 0.06291497, 0.04962674, 0.01210660, 0.03067117, 0.06942170},
{0.08327434, 0.05634007, 0.04795624, 0.06067439, 0.01306462, 0.07397897, 0.04094092, 0.07362025, 0.02369359, 0.05428295, 0.08199427, 0.06310883, 0.01922409, 0.03665231, 0.04587453, 0.06792045, 0.05623217, 0.00945870, 0.02803598, 0.06367233},
{0.08648942, 0.05911560, 0.04388824, 0.06089068, 0.01329958, 0.07667291, 0.04407012, 0.07101664, 0.02383040, 0.05048798, 0.08988255, 0.06301494, 0.01941543, 0.03512678, 0.04742454, 0.06677235, 0.05080889, 0.01048799, 0.02639454, 0.06091044},
{0.07603876, 0.05331180, 0.04105442, 0.04765936, 0.01288158, 0.06477811, 0.03697244, 0.06778123, 0.02146205, 0.07056861, 0.10543593, 0.07240751, 0.02261422, 0.04212455, 0.03970301, 0.05964401, 0.05118564, 0.01108156, 0.03306026, 0.07023497},
{0.08172558, 0.05956090, 0.04250231, 0.05724999, 0.01293024, 0.07337250, 0.04342300, 0.06779943, 0.02350191, 0.05590486, 0.08846234, 0.06631325, 0.02433048, 0.03888410, 0.04335611, 0.06397435, 0.05381301, 0.01064925, 0.02882364, 0.06342274},
{0.07566794, 0.05502904, 0.04732859, 0.06156711, 0.01461008, 0.06851305, 0.04115806, 0.07390376, 0.02500173, 0.05427440, 0.08569834, 0.06116086, 0.01972795, 0.04005074, 0.04959452, 0.06861712, 0.05417876, 0.01121688, 0.02955824, 0.06314283},
{0.07972488, 0.05070677, 0.03586097, 0.05184087, 0.01417724, 0.06090600, 0.03796968, 0.07379831, 0.02466882, 0.05655792, 0.09366721, 0.04842815, 0.02184508, 0.03952087, 0.06750452, 0.07097029, 0.05894330, 0.01221937, 0.03019770, 0.07049203},
{0.07690195, 0.05152611, 0.04083939, 0.05279102, 0.01434658, 0.06397616, 0.03738784, 0.06893541, 0.02157261, 0.05943628, 0.09972734, 0.05391099, 0.02076062, 0.03991049, 0.05065051, 0.08534904, 0.05560645, 0.01143447, 0.02992350, 0.06501323},
{0.08296938, 0.05337039, 0.04075610, 0.05429204, 0.01336072, 0.07078575, 0.03783110, 0.06748488, 0.02264728, 0.05764993, 0.09434840, 0.05743972, 0.02088623, 0.03803706, 0.04965045, 0.07063043, 0.06400318, 0.01048956, 0.02812614, 0.06524126},
{0.07629913, 0.06038154, 0.04356645, 0.05914432, 0.01591094, 0.06811608, 0.04404205, 0.07173985, 0.02449262, 0.05006376, 0.08861908, 0.06166913, 0.02143710, 0.03902332, 0.05117317, 0.06500069, 0.05228686, 0.01665593, 0.02914217, 0.06123582},
{0.07263647, 0.05605468, 0.04693185, 0.06072366, 0.01651256, 0.06533509, 0.04127964, 0.07111992, 0.02664642, 0.05716646, 0.08975406, 0.06018716, 0.02021389, 0.04022682, 0.04904935, 0.06503355, 0.05352462, 0.01148839, 0.03314942, 0.06296599},
{0.08972045, 0.05554067, 0.04047697, 0.06044675, 0.01394780, 0.07158999, 0.03720841, 0.07640867, 0.02231379, 0.05492872, 0.08741262, 0.05603153, 0.02073209, 0.03715779, 0.04586458, 0.06524354, 0.05424441, 0.00973070, 0.02691036, 0.07409016},
}};

double lambda_2[2]={0.500000, 0.500000};

