double a_8[8][20][20]={{
{0.10464969, 0.05657742, 0.03428193, 0.05341454, 0.01279307, 0.06768764, 0.03969952, 0.07548644, 0.02084233, 0.05697140, 0.10306070, 0.05482205, 0.02331460, 0.03593443, 0.04186082, 0.06113885, 0.05090023, 0.01017880, 0.02557172, 0.07081381},
{0.07982532, 0.06953050, 0.03857690, 0.05493574, 0.01314995, 0.07114829, 0.04220878, 0.06607122, 0.02487448, 0.05876054, 0.09869410, 0.05723774, 0.02219393, 0.04097029, 0.04469088, 0.05980734, 0.04738017, 0.01150718, 0.03124969, 0.06718698},
{0.07357023, 0.04863343, 0.05523085, 0.05016415, 0.01415912, 0.06080428, 0.03847278, 0.07030144, 0.02205016, 0.06776179, 0.09432144, 0.05923476, 0.02160948, 0.04075964, 0.05572889, 0.06531493, 0.05071396, 0.01169305, 0.03279982, 0.06667578},
{0.08153137, 0.05060057, 0.03751181, 0.05742105, 0.01315878, 0.07335574, 0.03263939, 0.07103950, 0.02083221, 0.06665327, 0.09988326, 0.05409764, 0.02173411, 0.04361497, 0.04722237, 0.06016804, 0.04851249, 0.01286788, 0.03424453, 0.07291102},
{0.06833579, 0.05669776, 0.04068140, 0.05455936, 0.02293994, 0.05793274, 0.03886429, 0.08878942, 0.02789926, 0.05294339, 0.09240501, 0.05131981, 0.01792245, 0.04081448, 0.05441069, 0.07459055, 0.05113160, 0.01243917, 0.03211713, 0.06320575},
{0.08581308, 0.05916389, 0.04359579, 0.05486953, 0.01143279, 0.08507172, 0.04240458, 0.06167201, 0.02126238, 0.06429372, 0.09721623, 0.07028750, 0.02381403, 0.03466538, 0.03502795, 0.05295613, 0.05036406, 0.01023584, 0.02709353, 0.06875986},
{0.08866494, 0.06044936, 0.03891923, 0.04577107, 0.01262910, 0.06637028, 0.06074737, 0.06397804, 0.02443045, 0.05795168, 0.10149355, 0.05811686, 0.02332407, 0.03554958, 0.04737498, 0.05759153, 0.04976495, 0.01162241, 0.02805455, 0.06719602},
{0.07908775, 0.05662159, 0.03639722, 0.05286725, 0.01441481, 0.06247150, 0.03653013, 0.08104113, 0.02421831, 0.06221152, 0.09184171, 0.06219281, 0.02368074, 0.04172216, 0.03880850, 0.06579446, 0.05465467, 0.01214497, 0.03131763, 0.07198114},
{0.07314598, 0.05745273, 0.03821057, 0.04655965, 0.01687468, 0.05312518, 0.04187931, 0.07617250, 0.03303318, 0.06055852, 0.10306692, 0.04655965, 0.02005997, 0.04466572, 0.06129176, 0.06466647, 0.05193683, 0.01189086, 0.03465520, 0.06419431},
{0.08392886, 0.05237700, 0.04527528, 0.06261544, 0.01483758, 0.07002073, 0.03536971, 0.06984442, 0.02233736, 0.06099617, 0.08926990, 0.05898532, 0.01885193, 0.03703308, 0.04860742, 0.06763433, 0.05670722, 0.00933803, 0.02907779, 0.06689243},
{0.08784830, 0.05775337, 0.04081748, 0.05624022, 0.01370166, 0.06726569, 0.04036198, 0.06869748, 0.02311474, 0.05346757, 0.09798548, 0.05948705, 0.02050841, 0.03715816, 0.05102695, 0.06937204, 0.05422751, 0.01003403, 0.02623377, 0.06469809},
{0.08016287, 0.05670039, 0.04592427, 0.05542284, 0.01152579, 0.07827877, 0.03978103, 0.06254073, 0.02081158, 0.06219193, 0.09196317, 0.07558735, 0.02127391, 0.03228293, 0.04418083, 0.05990822, 0.05404831, 0.00954509, 0.03045664, 0.06741333},
{0.08893204, 0.05454510, 0.04212916, 0.05590176, 0.01226817, 0.06571683, 0.03960644, 0.07371295, 0.02237439, 0.05649915, 0.09672319, 0.05947588, 0.02767130, 0.03525625, 0.04830950, 0.06088220, 0.05344379, 0.00866825, 0.02569192, 0.07219172},
{0.07446343, 0.04925344, 0.04299606, 0.06232872, 0.01691495, 0.06258295, 0.03505364, 0.07544597, 0.02364139, 0.06004975, 0.09529565, 0.05247650, 0.02039184, 0.04332978, 0.04348061, 0.07515655, 0.05583042, 0.01191527, 0.03260074, 0.06679236},
{0.08144647, 0.04831891, 0.03713455, 0.05512015, 0.01232868, 0.07699393, 0.04042342, 0.07670813, 0.02323714, 0.05040250, 0.09077897, 0.04943341, 0.01966570, 0.03913948, 0.05811610, 0.07070121, 0.05426798, 0.01128360, 0.02990277, 0.07459694},
{0.07427463, 0.05340676, 0.04004540, 0.05209129, 0.01470074, 0.05926722, 0.03895445, 0.07723664, 0.02310410, 0.05637085, 0.09739142, 0.05381928, 0.02064352, 0.04094907, 0.05041691, 0.08603070, 0.05513611, 0.01153965, 0.02911148, 0.06550978},
{0.08118376, 0.04976818, 0.03779004, 0.05182447, 0.01441524, 0.05928003, 0.03532721, 0.07826754, 0.02256024, 0.05965374, 0.10175131, 0.04971898, 0.02025694, 0.03940252, 0.05746157, 0.06757047, 0.06022239, 0.01120064, 0.02794136, 0.07440335},
{0.07143598, 0.06055001, 0.04525060, 0.05595701, 0.01547512, 0.05785672, 0.04877395, 0.06413242, 0.02486994, 0.05844723, 0.11124143, 0.05697384, 0.02482002, 0.04228270, 0.03858891, 0.06261294, 0.04966740, 0.01581022, 0.03084367, 0.06440991},
{0.07097715, 0.05840246, 0.04366842, 0.05829981, 0.01646342, 0.06162008, 0.04242778, 0.07541696, 0.02513200, 0.05730389, 0.09708644, 0.05295509, 0.01953503, 0.04466703, 0.04522653, 0.06615915, 0.05247853, 0.01227174, 0.03492442, 0.06498407},
{0.08573335, 0.05352423, 0.03942280, 0.05849604, 0.01432637, 0.06928880, 0.03435975, 0.06672395, 0.02079174, 0.06107170, 0.09583516, 0.05673236, 0.02197690, 0.03750198, 0.04761948, 0.06549400, 0.05770979, 0.01019108, 0.02713783, 0.07606267},
},{
{0.10486694, 0.06005257, 0.03497847, 0.04911733, 0.01304625, 0.06686012, 0.03989919, 0.07514522, 0.02169446, 0.05775302, 0.10099297, 0.05629204, 0.02253735, 0.03547218, 0.04192177, 0.06048935, 0.05039154, 0.00995101, 0.02681000, 0.07172823},
{0.08545414, 0.06938822, 0.03492650, 0.04679515, 0.01341176, 0.06215995, 0.03937988, 0.07451781, 0.02461827, 0.06049563, 0.10866572, 0.05502903, 0.02308286, 0.03994020, 0.04359873, 0.05831975, 0.04765521, 0.01257043, 0.03050259, 0.06948814},
{0.06858554, 0.04827020, 0.05533861, 0.05536263, 0.01330380, 0.06308201, 0.03813330, 0.06084772, 0.02196372, 0.06852918, 0.10106559, 0.06086369, 0.02097150, 0.04187340, 0.04783921, 0.06734088, 0.05672118, 0.01104095, 0.03222865, 0.06663823},
{0.07966311, 0.04903212, 0.03859146, 0.06091247, 0.01298971, 0.06928291, 0.03548365, 0.05909509, 0.02059350, 0.06925177, 0.10603429, 0.05433594, 0.02184158, 0.04110613, 0.04478515, 0.06336343, 0.05082458, 0.01110058, 0.03136133, 0.08035120},
{0.07595717, 0.05441406, 0.04447533, 0.05332049, 0.02493830, 0.06378718, 0.03876900, 0.07270271, 0.02532438, 0.05582029, 0.08757334, 0.05795608, 0.02043661, 0.03967048, 0.05024329, 0.07092942, 0.05186481, 0.01134687, 0.03017488, 0.07029534},
{0.08335293, 0.05258817, 0.03466344, 0.05089136, 0.01352162, 0.07648693, 0.03742410, 0.06721309, 0.01934707, 0.06872257, 0.11236830, 0.05927819, 0.02476806, 0.04137435, 0.03929271, 0.05510597, 0.04777468, 0.01087543, 0.03044564, 0.07450539},
{0.08189897, 0.05637745, 0.03692884, 0.04576544, 0.01305359, 0.06429036, 0.05519170, 0.06498566, 0.02309158, 0.06359092, 0.11432882, 0.05477358, 0.02348014, 0.03913201, 0.04495474, 0.05949066, 0.04741972, 0.01154866, 0.02940303, 0.07029414},
{0.07962470, 0.05397325, 0.03686048, 0.05462468, 0.01424421, 0.05711104, 0.03319958, 0.08513483, 0.02111743, 0.06155048, 0.08927685, 0.05365984, 0.02227332, 0.03782177, 0.05427628, 0.06770282, 0.06037912, 0.01106842, 0.02947395, 0.07662694},
{0.07595373, 0.05508998, 0.04010263, 0.05964118, 0.01462729, 0.06139928, 0.03918566, 0.07315855, 0.03242617, 0.05905107, 0.10288198, 0.05025340, 0.02094420, 0.04126579, 0.04946114, 0.06288838, 0.04945583, 0.01216612, 0.03055949, 0.06948813},
{0.08346960, 0.05648950, 0.04806429, 0.06094394, 0.01311826, 0.07439266, 0.04097508, 0.07372881, 0.02378837, 0.05367385, 0.08152068, 0.06284697, 0.01928212, 0.03655883, 0.04583371, 0.06798364, 0.05621942, 0.00950368, 0.02816686, 0.06343974},
{0.08669844, 0.05915600, 0.04395906, 0.06103665, 0.01330593, 0.07693450, 0.04411151, 0.07130438, 0.02390286, 0.05009688, 0.08941508, 0.06292783, 0.01950296, 0.03504734, 0.04732597, 0.06671117, 0.05070407, 0.01049203, 0.02649246, 0.06087487},
{0.07638025, 0.05332743, 0.04103997, 0.04788330, 0.01297447, 0.06517314, 0.03703697, 0.06819581, 0.02136578, 0.06980690, 0.10530053, 0.07207135, 0.02281138, 0.04205477, 0.03981302, 0.05955413, 0.05078380, 0.01113982, 0.03306442, 0.07022275},
{0.08398374, 0.05822726, 0.04078701, 0.05769710, 0.01353869, 0.07480395, 0.04292129, 0.07191109, 0.02382968, 0.05412455, 0.08919767, 0.06067520, 0.02555508, 0.03957863, 0.04411482, 0.06259663, 0.05114547, 0.01097994, 0.02971234, 0.06461986},
{0.07582112, 0.05483237, 0.04740332, 0.06167678, 0.01465621, 0.06886388, 0.04122570, 0.07405944, 0.02505927, 0.05411304, 0.08552603, 0.06095337, 0.01978157, 0.03989430, 0.04962147, 0.06855988, 0.05400890, 0.01121663, 0.02961085, 0.06311586},
{0.07986346, 0.05039445, 0.03593779, 0.05204446, 0.01416227, 0.06097976, 0.03792287, 0.07418050, 0.02469623, 0.05627156, 0.09352140, 0.04823990, 0.02192799, 0.03952064, 0.06747855, 0.07094772, 0.05891878, 0.01225676, 0.03025050, 0.07048440},
{0.07709974, 0.05127848, 0.04082983, 0.05302285, 0.01444589, 0.06416563, 0.03726220, 0.06946103, 0.02164416, 0.05922297, 0.09960521, 0.05346177, 0.02087900, 0.03982960, 0.05060328, 0.08522136, 0.05541617, 0.01143203, 0.02999523, 0.06512357},
{0.08316239, 0.05323703, 0.04071425, 0.05458489, 0.01348757, 0.07106495, 0.03761959, 0.06810704, 0.02271095, 0.05734456, 0.09408390, 0.05710986, 0.02099529, 0.03801813, 0.04958106, 0.07040156, 0.06368482, 0.01053242, 0.02811737, 0.06544236},
{0.07624479, 0.06034573, 0.04363968, 0.05930241, 0.01592788, 0.06821144, 0.04396343, 0.07173095, 0.02453813, 0.05005570, 0.08837407, 0.06171856, 0.02142787, 0.03899519, 0.05126906, 0.06499454, 0.05222447, 0.01658788, 0.02919271, 0.06125551},
{0.07281768, 0.05616416, 0.04696147, 0.06075440, 0.01658311, 0.06547720, 0.04135226, 0.07114715, 0.02663799, 0.05695777, 0.08962472, 0.06020460, 0.02029715, 0.04010057, 0.04897059, 0.06506821, 0.05349669, 0.01151957, 0.03310979, 0.06275491},
{0.08990637, 0.05562670, 0.04051223, 0.06066158, 0.01394656, 0.07182367, 0.03721631, 0.07654547, 0.02239002, 0.05458728, 0.08714747, 0.05587211, 0.02076303, 0.03710007, 0.04589277, 0.06524294, 0.05420919, 0.00975790, 0.02696202, 0.07383629},
},{
{0.10401661, 0.05818666, 0.03601810, 0.05222382, 0.01265175, 0.06694205, 0.03943799, 0.07359849, 0.02220675, 0.05768273, 0.10051754, 0.05336105, 0.02214282, 0.03603596, 0.04564776, 0.06061662, 0.05137058, 0.01014509, 0.02670064, 0.07049697},
{0.08568985, 0.06890562, 0.03631723, 0.05591443, 0.01229946, 0.07071361, 0.04145684, 0.07255991, 0.02247112, 0.05529183, 0.09850683, 0.05677943, 0.02154202, 0.03800768, 0.04435017, 0.06353626, 0.04953048, 0.01103495, 0.02799730, 0.06709498},
{0.06829652, 0.05180657, 0.05550057, 0.05444271, 0.01307811, 0.06298166, 0.03800223, 0.06362193, 0.02179080, 0.06714089, 0.09758996, 0.06415508, 0.02032327, 0.04164961, 0.04347135, 0.06762067, 0.05505454, 0.01106731, 0.03252401, 0.06988220},
{0.07931960, 0.06081349, 0.04059652, 0.05826830, 0.01212512, 0.06860477, 0.03602660, 0.06680788, 0.02172622, 0.06319187, 0.09317885, 0.06511571, 0.02009681, 0.03857438, 0.04235078, 0.06241722, 0.05641056, 0.01082665, 0.03014939, 0.07339928},
{0.07397681, 0.04724000, 0.04130357, 0.05126409, 0.05360259, 0.05441685, 0.03351717, 0.07519514, 0.02590429, 0.05623750, 0.09632654, 0.04800556, 0.02140421, 0.03946845, 0.05096578, 0.06678208, 0.05408278, 0.01210117, 0.03189323, 0.06631217},
{0.08315559, 0.06778742, 0.03880086, 0.05780636, 0.01148471, 0.08488601, 0.04285878, 0.06325387, 0.02004011, 0.05608573, 0.09032357, 0.07678961, 0.01936304, 0.03506442, 0.04290916, 0.05984705, 0.04863072, 0.00984602, 0.02701521, 0.06405175},
{0.08286201, 0.05833849, 0.04037903, 0.05385109, 0.01262648, 0.07234095, 0.05687294, 0.06421723, 0.02296976, 0.05712437, 0.09766394, 0.05864245, 0.02077652, 0.03671771, 0.04619843, 0.06477129, 0.05018938, 0.01094920, 0.02776485, 0.06474389},
{0.08346058, 0.05164864, 0.03424785, 0.04807400, 0.01408063, 0.05535814, 0.03210584, 0.08506211, 0.02324169, 0.06469555, 0.09532226, 0.04900609, 0.02186935, 0.04161569, 0.05118149, 0.06441875, 0.05740235, 0.01101095, 0.03056657, 0.08563148},
{0.07498296, 0.05798206, 0.04240751, 0.05455127, 0.01568427, 0.06510134, 0.04109180, 0.07038883, 0.03240211, 0.05592944, 0.09365361, 0.05294283, 0.02139357, 0.04023941, 0.04988153, 0.06652861, 0.05512407, 0.01179132, 0.03120051, 0.06672292},
{0.08299899, 0.04771189, 0.04548259, 0.05649686, 0.01372483, 0.06505833, 0.03586242, 0.07788747, 0.02300388, 0.06569334, 0.10022216, 0.05578997, 0.02276810, 0.03990296, 0.04324156, 0.06391547, 0.05335492, 0.01075950, 0.02974783, 0.06637692},
{0.08745038, 0.05395099, 0.03950926, 0.05303517, 0.01410378, 0.06730722, 0.04023929, 0.07067319, 0.02425917, 0.05868865, 0.10946641, 0.05553479, 0.02316109, 0.03920457, 0.04430898, 0.06403532, 0.04995193, 0.01138448, 0.02961994, 0.06411539},
{0.07380215, 0.05381834, 0.04375856, 0.05760882, 0.01144387, 0.08144341, 0.04131213, 0.06602478, 0.02027273, 0.06244923, 0.09315541, 0.07716496, 0.01921377, 0.03818697, 0.04260965, 0.06320432, 0.04920810, 0.00950731, 0.02885828, 0.06695721},
{0.08784871, 0.05249076, 0.04074181, 0.05447515, 0.01434478, 0.06472083, 0.03766949, 0.07310320, 0.02358756, 0.05816183, 0.10077719, 0.05326030, 0.02797460, 0.04030990, 0.04293131, 0.06392986, 0.05218285, 0.01164835, 0.03101841, 0.06882310},
{0.07678675, 0.05087213, 0.04372875, 0.05760699, 0.01398370, 0.06497078, 0.03709568, 0.07000765, 0.02437813, 0.05870416, 0.09969964, 0.05481780, 0.02387677, 0.04503886, 0.04860411, 0.06724641, 0.05277466, 0.01300393, 0.03206208, 0.06474101},
{0.08100446, 0.05582395, 0.03391746, 0.04949960, 0.01450435, 0.06262146, 0.03991033, 0.06639098, 0.02226031, 0.05895807, 0.09320734, 0.05220678, 0.02111085, 0.03797790, 0.06808817, 0.06888259, 0.05767748, 0.01176672, 0.02895792, 0.07523328},
{0.07599081, 0.05239806, 0.04303556, 0.05690148, 0.01379371, 0.06887480, 0.04079179, 0.06847726, 0.02257338, 0.05549204, 0.09213260, 0.05532071, 0.02014737, 0.03838006, 0.05151711, 0.08329531, 0.05630108, 0.01080437, 0.02893001, 0.06484250},
{0.08137134, 0.05243979, 0.04226461, 0.05672542, 0.01362174, 0.06854181, 0.04142938, 0.07325712, 0.02316608, 0.05727473, 0.08940473, 0.05410631, 0.02090388, 0.03776365, 0.05026137, 0.06949627, 0.06047475, 0.01090584, 0.02873425, 0.06785693},
{0.07739751, 0.05709665, 0.04318643, 0.05809583, 0.01388956, 0.06560388, 0.03909117, 0.07552314, 0.02454559, 0.04930648, 0.09409285, 0.05298890, 0.02222233, 0.04247705, 0.05349546, 0.06563945, 0.04993608, 0.01669678, 0.03204450, 0.06667035},
{0.07204673, 0.05254371, 0.04517913, 0.05985613, 0.01403815, 0.06751549, 0.03965118, 0.06835092, 0.02378501, 0.05959611, 0.09361540, 0.05843651, 0.02290084, 0.04115986, 0.04925593, 0.06667450, 0.05298866, 0.01159817, 0.03540952, 0.06539806},
{0.08913221, 0.05006153, 0.04019921, 0.05696173, 0.01389742, 0.06433952, 0.03508374, 0.08090539, 0.02297052, 0.05888229, 0.09689224, 0.05198948, 0.02305431, 0.03715978, 0.04676519, 0.06454216, 0.05468365, 0.01074825, 0.02846770, 0.07326369},
},{
{0.11502609, 0.05695855, 0.03385313, 0.05133069, 0.01246795, 0.06451067, 0.03749470, 0.08125299, 0.02174062, 0.05380568, 0.09711362, 0.05230451, 0.02092224, 0.03521774, 0.04555101, 0.06159333, 0.05078466, 0.01044694, 0.02696288, 0.07066200},
{0.08288398, 0.06815641, 0.03614472, 0.05566246, 0.01297441, 0.07847999, 0.04144332, 0.06865447, 0.02248301, 0.05730679, 0.09662085, 0.05554002, 0.02120355, 0.03598517, 0.04802072, 0.06281356, 0.04959987, 0.01105731, 0.02782852, 0.06714087},
{0.07319717, 0.05110361, 0.05529762, 0.05244039, 0.01328651, 0.06457484, 0.03986017, 0.06171099, 0.02250025, 0.06706225, 0.09274192, 0.06256617, 0.02174541, 0.04104222, 0.04258630, 0.06966973, 0.05550039, 0.01143140, 0.03237160, 0.06931107},
{0.08494749, 0.06031482, 0.04100750, 0.05802428, 0.01287656, 0.07121583, 0.03918474, 0.06139284, 0.02201756, 0.06239758, 0.09387093, 0.06032929, 0.02109876, 0.03990534, 0.04307895, 0.06198852, 0.05162006, 0.01117959, 0.03078906, 0.07276029},
{0.07182121, 0.04909122, 0.04308602, 0.05301315, 0.02840601, 0.05754582, 0.03615615, 0.09209609, 0.02696281, 0.05427576, 0.09543206, 0.04986349, 0.02158016, 0.04740419, 0.04749448, 0.06766725, 0.05147852, 0.01241882, 0.03141585, 0.06279094},
{0.08319093, 0.06566688, 0.04000824, 0.05546407, 0.01112978, 0.08405649, 0.04532181, 0.05826461, 0.02171801, 0.05629461, 0.09275271, 0.07570437, 0.01933605, 0.03508546, 0.04211701, 0.06114789, 0.04984687, 0.01006170, 0.02812147, 0.06471102},
{0.07990121, 0.05577386, 0.04203300, 0.06089219, 0.01185489, 0.07807860, 0.05670763, 0.06145036, 0.02363307, 0.05493741, 0.09555144, 0.05824661, 0.02060749, 0.03605910, 0.04574493, 0.06436740, 0.05138159, 0.01203521, 0.02744137, 0.06330265},
{0.08971473, 0.05600851, 0.03593727, 0.05231063, 0.01385209, 0.05969599, 0.03421297, 0.08454965, 0.02204327, 0.05848301, 0.09276473, 0.04840493, 0.02082425, 0.03962489, 0.04971050, 0.06762668, 0.05667210, 0.01114535, 0.02989311, 0.07652534},
{0.07533071, 0.05426330, 0.03862224, 0.05358402, 0.01438166, 0.06470996, 0.04143479, 0.06675470, 0.03474858, 0.05911206, 0.09920675, 0.05503157, 0.02264777, 0.03910553, 0.04926973, 0.06441736, 0.05378924, 0.01105607, 0.03019588, 0.07233807},
{0.07461649, 0.04978277, 0.04503274, 0.05647407, 0.01473792, 0.06337574, 0.03546700, 0.07421427, 0.02311472, 0.06794397, 0.10238655, 0.05972128, 0.02370597, 0.03996372, 0.04286241, 0.06333554, 0.05509231, 0.00995729, 0.02923637, 0.06897888},
{0.08040959, 0.05232139, 0.03954213, 0.05481582, 0.01461539, 0.06425822, 0.03916367, 0.07818642, 0.02286938, 0.06011190, 0.10768501, 0.05347912, 0.02265624, 0.04041601, 0.04793108, 0.06277452, 0.05045950, 0.01078155, 0.02967562, 0.06784743},
{0.07342687, 0.05137100, 0.04254917, 0.05894824, 0.01300605, 0.08624309, 0.04001487, 0.05952833, 0.02026367, 0.06450291, 0.09176956, 0.07548238, 0.01964707, 0.03794467, 0.04241044, 0.06397977, 0.05196405, 0.01012631, 0.02920141, 0.06762012},
{0.08194258, 0.05207048, 0.04074354, 0.05520923, 0.01397412, 0.06563614, 0.03873853, 0.08160260, 0.02404181, 0.05872012, 0.09893969, 0.05435649, 0.02811543, 0.04106232, 0.04504235, 0.06215620, 0.04983127, 0.01131183, 0.03018746, 0.06631780},
{0.07235502, 0.04996729, 0.04313050, 0.05563141, 0.01684286, 0.06042775, 0.03641854, 0.07318455, 0.02446576, 0.05855689, 0.10117792, 0.05638035, 0.02347993, 0.04801190, 0.04706447, 0.06622850, 0.05382419, 0.01201709, 0.03300937, 0.06782570},
{0.08611363, 0.05696673, 0.03602140, 0.05077910, 0.01271408, 0.06626446, 0.04033878, 0.07187389, 0.02287282, 0.05484611, 0.08816936, 0.05421791, 0.01958081, 0.03705432, 0.06749274, 0.06924998, 0.05542219, 0.01168139, 0.02891354, 0.06942678},
{0.08062218, 0.05427880, 0.04240885, 0.05226778, 0.01350796, 0.06189988, 0.03916782, 0.06740556, 0.02248270, 0.05735631, 0.09411947, 0.05744553, 0.02071495, 0.03916413, 0.05020870, 0.08479972, 0.05645503, 0.01104874, 0.02931017, 0.06533573},
{0.08244074, 0.05229621, 0.04175007, 0.05205562, 0.01383898, 0.06340582, 0.03764942, 0.06642248, 0.02259953, 0.06305688, 0.09870057, 0.05496305, 0.02347900, 0.03811654, 0.04956910, 0.06781981, 0.05954940, 0.01149267, 0.02880944, 0.07198466},
{0.07315453, 0.06090376, 0.04478645, 0.05449031, 0.01766345, 0.06243066, 0.04293878, 0.07864175, 0.02769817, 0.05120231, 0.09080067, 0.05348857, 0.02185316, 0.04197696, 0.04828317, 0.06528391, 0.05413587, 0.01626110, 0.03224761, 0.06175882},
{0.06746922, 0.05423828, 0.04554447, 0.05806778, 0.01617558, 0.06396155, 0.04006695, 0.06912960, 0.02406859, 0.06056194, 0.09561476, 0.06314677, 0.02285583, 0.04021246, 0.04664273, 0.06433839, 0.05312873, 0.01232889, 0.03482848, 0.06761902},
{0.08203645, 0.05226467, 0.04055632, 0.05921583, 0.01479076, 0.06471441, 0.03506017, 0.08042442, 0.02225784, 0.05948893, 0.10014102, 0.05338642, 0.02221455, 0.03689334, 0.04706619, 0.06266110, 0.05573390, 0.00989786, 0.02772325, 0.07347257},
},{
{0.09883831, 0.05664655, 0.03599082, 0.05325706, 0.01240027, 0.06603799, 0.03909364, 0.07594046, 0.02215747, 0.05713061, 0.10150988, 0.05427297, 0.02223962, 0.03619388, 0.04579550, 0.06145729, 0.05143887, 0.01079340, 0.02689465, 0.07191076},
{0.08449268, 0.06678038, 0.03797050, 0.05412923, 0.01371389, 0.07006785, 0.04007894, 0.07165188, 0.02427097, 0.05484863, 0.09919167, 0.05658605, 0.02135310, 0.03658355, 0.04586749, 0.06321447, 0.05162891, 0.01095665, 0.02886746, 0.06774568},
{0.07385547, 0.05011420, 0.05305106, 0.05409057, 0.01412191, 0.06458568, 0.04043164, 0.06027012, 0.02297750, 0.06717893, 0.09741365, 0.06026195, 0.02136524, 0.04202471, 0.04372067, 0.06816212, 0.05480931, 0.01120737, 0.03167350, 0.06868441},
{0.08281923, 0.05604064, 0.03750787, 0.05601457, 0.01387243, 0.07007026, 0.03746646, 0.06500076, 0.02217019, 0.06379746, 0.10114402, 0.05552165, 0.02330324, 0.04016309, 0.04323599, 0.06141070, 0.05313038, 0.01166221, 0.03157397, 0.07409488},
{0.07400590, 0.05480997, 0.04147172, 0.05428528, 0.02981734, 0.06345618, 0.03709084, 0.07629720, 0.02549976, 0.05433257, 0.09006747, 0.05840611, 0.02066170, 0.03675834, 0.05052899, 0.06948699, 0.05436040, 0.01184046, 0.03044041, 0.06638236},
{0.08435351, 0.05525961, 0.03684569, 0.05446871, 0.01366521, 0.07771747, 0.03888305, 0.06127614, 0.02135356, 0.06407369, 0.10669368, 0.06048087, 0.02209856, 0.04040813, 0.04143113, 0.05921548, 0.04922696, 0.01065020, 0.03109322, 0.07080513},
{0.08363897, 0.05579419, 0.03919110, 0.05030998, 0.01300856, 0.06831860, 0.05169440, 0.06295680, 0.02339648, 0.05900320, 0.10367517, 0.05713999, 0.02219019, 0.03872099, 0.04601562, 0.06426946, 0.05179128, 0.01147461, 0.02991084, 0.06749958},
{0.08460547, 0.05398014, 0.03662343, 0.05414647, 0.01447741, 0.06081020, 0.03539020, 0.08097733, 0.02253635, 0.06180984, 0.09644551, 0.04843269, 0.02349043, 0.03975278, 0.04742995, 0.06391704, 0.05553193, 0.01157537, 0.02928528, 0.07878220},
{0.08075015, 0.05532314, 0.03939961, 0.05543406, 0.01437847, 0.06470440, 0.04103922, 0.06838117, 0.03027825, 0.05772882, 0.09472230, 0.05391484, 0.02088662, 0.03834091, 0.05014536, 0.06641549, 0.05708013, 0.01217827, 0.03016433, 0.06873446},
{0.07811853, 0.05248630, 0.04698629, 0.05846887, 0.01300080, 0.06940593, 0.03754800, 0.07933279, 0.02229526, 0.06067547, 0.08890348, 0.06433023, 0.02078197, 0.03879712, 0.04701525, 0.06650734, 0.05315663, 0.00967624, 0.02823919, 0.06427433},
{0.08363726, 0.05672751, 0.04151452, 0.05592069, 0.01327207, 0.06909872, 0.04154563, 0.07422459, 0.02255237, 0.05793235, 0.09538794, 0.05940831, 0.02040873, 0.03815081, 0.04832872, 0.06570867, 0.05175433, 0.01059561, 0.02804054, 0.06579062},
{0.07586583, 0.05433992, 0.04349495, 0.05351526, 0.01306867, 0.07236192, 0.03838253, 0.06256980, 0.02135121, 0.06501922, 0.09709911, 0.07379756, 0.02127281, 0.03909583, 0.04164657, 0.06411296, 0.05189643, 0.01034853, 0.03144545, 0.06931547},
{0.08484567, 0.05573809, 0.04073271, 0.05380223, 0.01320147, 0.06961737, 0.03990686, 0.07713859, 0.02314709, 0.05747077, 0.09381665, 0.05737955, 0.02553221, 0.03950954, 0.04632418, 0.06461736, 0.05169516, 0.01071611, 0.02802222, 0.06678615},
{0.07576620, 0.05274555, 0.04512607, 0.05790662, 0.01420506, 0.06600813, 0.03765158, 0.07369854, 0.02422679, 0.05857378, 0.09351103, 0.05919686, 0.02119007, 0.04356119, 0.04938915, 0.06665942, 0.05347577, 0.01143363, 0.03068095, 0.06499362},
{0.08570518, 0.05515647, 0.03545311, 0.05140912, 0.01393955, 0.06454102, 0.03948268, 0.06896319, 0.02320204, 0.05658707, 0.09501043, 0.05156283, 0.02084319, 0.03719746, 0.06312498, 0.06948185, 0.05501398, 0.01197197, 0.03001150, 0.07134237},
{0.07883425, 0.05323595, 0.04134844, 0.05263619, 0.01466078, 0.06448882, 0.04019758, 0.06567239, 0.02275591, 0.05875410, 0.09912712, 0.05601932, 0.02140869, 0.03887585, 0.04959720, 0.07856323, 0.05630124, 0.01125856, 0.02897774, 0.06728663},
{0.08382827, 0.05439703, 0.04020745, 0.05447128, 0.01352596, 0.06627808, 0.03832544, 0.06964715, 0.02268114, 0.05907643, 0.09709393, 0.05634485, 0.02178011, 0.03829725, 0.04718240, 0.06852334, 0.05923526, 0.01091422, 0.02918961, 0.06900082},
{0.07812446, 0.05496574, 0.04083976, 0.05558496, 0.01544476, 0.06400810, 0.04240103, 0.07675083, 0.02402956, 0.05400060, 0.09636699, 0.05590732, 0.02115048, 0.04188815, 0.05300370, 0.06525760, 0.05247157, 0.01428379, 0.03014280, 0.06337782},
{0.07394538, 0.05474664, 0.04601486, 0.06073720, 0.01531626, 0.06907316, 0.03944292, 0.07377058, 0.02410840, 0.05855874, 0.08978821, 0.06177906, 0.02004627, 0.04070705, 0.04695033, 0.06567982, 0.05189223, 0.01101467, 0.03337141, 0.06305681},
{0.08620087, 0.05611630, 0.04133053, 0.05946212, 0.01301936, 0.06923631, 0.03774302, 0.08404208, 0.02235050, 0.05364729, 0.08859411, 0.05837626, 0.02091935, 0.03603930, 0.04899256, 0.06523344, 0.05338933, 0.01011073, 0.02676902, 0.06842750},
},{
{0.09858875, 0.05736555, 0.03680052, 0.05407875, 0.01218335, 0.06760782, 0.03948420, 0.07497675, 0.02202949, 0.05528339, 0.09810291, 0.05523602, 0.02168837, 0.03619664, 0.04836503, 0.06248481, 0.05275931, 0.01007006, 0.02621794, 0.07048034},
{0.08524198, 0.06504320, 0.03688640, 0.05402140, 0.01374426, 0.06828981, 0.03844069, 0.07310718, 0.02307963, 0.05715900, 0.09823407, 0.05539419, 0.02164244, 0.03765665, 0.04860253, 0.06328523, 0.05070895, 0.01118922, 0.02835638, 0.06991679},
{0.07562032, 0.04865429, 0.05357777, 0.05420738, 0.01401495, 0.06467215, 0.03884454, 0.06441600, 0.02197540, 0.06661971, 0.09690712, 0.06110201, 0.02129277, 0.04179440, 0.04309472, 0.06746555, 0.05359760, 0.01082579, 0.03186526, 0.06945226},
{0.08117164, 0.05649699, 0.03877525, 0.05971159, 0.01386529, 0.06949154, 0.03827291, 0.06780955, 0.02186179, 0.06334671, 0.09992307, 0.05627471, 0.02128883, 0.04031822, 0.04392277, 0.06177175, 0.05173042, 0.01122192, 0.03098600, 0.07175904},
{0.07809323, 0.05446424, 0.04176656, 0.05433259, 0.03033003, 0.06404206, 0.03789117, 0.07559765, 0.02443490, 0.05072812, 0.08802364, 0.05521864, 0.02081097, 0.03890924, 0.05320310, 0.07035961, 0.05417881, 0.01238401, 0.03188805, 0.06334338},
{0.08141795, 0.05638295, 0.03809734, 0.05485682, 0.01326435, 0.07679496, 0.03902874, 0.06630765, 0.02137756, 0.06346348, 0.10403582, 0.06165417, 0.02189308, 0.03869800, 0.04299876, 0.05972767, 0.04915319, 0.01056840, 0.02886718, 0.07141194},
{0.08225192, 0.05651012, 0.03933917, 0.05081550, 0.01379278, 0.06678275, 0.05183341, 0.06683470, 0.02361942, 0.05890992, 0.10402652, 0.05664355, 0.02170207, 0.03809820, 0.04720452, 0.06316990, 0.05108611, 0.01156275, 0.02912425, 0.06669245},
{0.08742007, 0.05368658, 0.03601889, 0.05352349, 0.01529331, 0.06172421, 0.03586852, 0.08369292, 0.02255712, 0.06087982, 0.09478342, 0.05208160, 0.02288255, 0.03799365, 0.04632190, 0.06415748, 0.05463590, 0.01170811, 0.02883134, 0.07593911},
{0.07910026, 0.05593587, 0.04114647, 0.05299224, 0.01619192, 0.06469919, 0.03984680, 0.07086548, 0.02827567, 0.05904968, 0.09746952, 0.05283474, 0.02217303, 0.04001837, 0.04846761, 0.06526209, 0.05281791, 0.01205193, 0.03190303, 0.06889821},
{0.07905713, 0.05319336, 0.04579495, 0.05774274, 0.01228375, 0.07094930, 0.03823727, 0.07374747, 0.02316960, 0.06117729, 0.09208682, 0.06394713, 0.02083305, 0.03858204, 0.04440374, 0.06526152, 0.05345761, 0.00992177, 0.02946921, 0.06668424},
{0.08371454, 0.05630752, 0.04140050, 0.05713972, 0.01281960, 0.07069884, 0.04161065, 0.06908221, 0.02367511, 0.05756469, 0.09732166, 0.05889486, 0.02080543, 0.03727078, 0.04659502, 0.06618412, 0.05285967, 0.01081754, 0.02821135, 0.06702619},
{0.07621555, 0.05325977, 0.04192558, 0.05322020, 0.01367189, 0.07097480, 0.03753395, 0.06687158, 0.02138972, 0.06615919, 0.09777209, 0.07137907, 0.02132865, 0.04087081, 0.04187754, 0.06255752, 0.05026483, 0.01040813, 0.03181453, 0.07050461},
{0.08334214, 0.05682221, 0.04277880, 0.05489772, 0.01280655, 0.06983576, 0.03909482, 0.07400965, 0.02301707, 0.05759016, 0.09363493, 0.05964940, 0.02505141, 0.03772273, 0.04588475, 0.06412231, 0.05248453, 0.01021248, 0.03049097, 0.06655161},
{0.07698721, 0.05437556, 0.04434022, 0.05676715, 0.01325926, 0.06685296, 0.03943183, 0.07074817, 0.02370650, 0.05916334, 0.09420002, 0.05883407, 0.02166589, 0.04271584, 0.04758448, 0.06774756, 0.05347377, 0.01189253, 0.03059336, 0.06566029},
{0.08312215, 0.05427258, 0.03549278, 0.05235054, 0.01530736, 0.06106390, 0.03831157, 0.06775967, 0.02312698, 0.05747147, 0.09910738, 0.04955219, 0.02229346, 0.04015473, 0.06281840, 0.06830754, 0.05696727, 0.01251290, 0.02954899, 0.07045814},
{0.07975629, 0.05440539, 0.04155331, 0.05188048, 0.01416450, 0.06396299, 0.04014032, 0.06753482, 0.02218681, 0.05837423, 0.09805440, 0.05668813, 0.02148704, 0.03949112, 0.04912340, 0.08028993, 0.05576277, 0.01082017, 0.02867648, 0.06564741},
{0.08544248, 0.05358755, 0.04072497, 0.05347239, 0.01375017, 0.06662286, 0.03934056, 0.07006239, 0.02285611, 0.05860334, 0.09506563, 0.05652595, 0.02239186, 0.03842551, 0.04801168, 0.06787230, 0.05922816, 0.01061746, 0.02934949, 0.06804915},
{0.07893691, 0.05467978, 0.03956356, 0.05596162, 0.01496743, 0.06595580, 0.03923082, 0.07405419, 0.02557845, 0.05293134, 0.09703093, 0.05228320, 0.02187500, 0.04219705, 0.05268384, 0.06402245, 0.05493596, 0.01623001, 0.03192359, 0.06495807},
{0.07422397, 0.05484151, 0.04436339, 0.05773228, 0.01432974, 0.06949069, 0.04064650, 0.06999037, 0.02392423, 0.05955902, 0.09178741, 0.06153160, 0.02100317, 0.03953641, 0.04842285, 0.06527304, 0.05301584, 0.01184100, 0.03339312, 0.06509387},
{0.08465100, 0.05556524, 0.04116146, 0.05786332, 0.01298874, 0.06906937, 0.03772746, 0.08066019, 0.02325039, 0.05519652, 0.09077425, 0.05727843, 0.02081339, 0.03674942, 0.04761157, 0.06543351, 0.05481966, 0.01013369, 0.02841744, 0.06983497},
},{
{0.09894743, 0.05667755, 0.03619331, 0.05455012, 0.01222447, 0.06594357, 0.03959274, 0.07630033, 0.02211383, 0.05606774, 0.09807429, 0.05333560, 0.02152892, 0.03637153, 0.04813000, 0.06249009, 0.05300418, 0.01062079, 0.02609270, 0.07174080},
{0.08421636, 0.06761594, 0.03719778, 0.05594578, 0.01349982, 0.06929212, 0.04116855, 0.07399890, 0.02295699, 0.05551141, 0.09566858, 0.05699267, 0.02073210, 0.03618669, 0.04831827, 0.06220124, 0.04950084, 0.01141899, 0.02822383, 0.06935315},
{0.07393022, 0.04980508, 0.05410127, 0.05587186, 0.01423106, 0.06730249, 0.03949957, 0.06528074, 0.02232814, 0.06430100, 0.09525156, 0.06170356, 0.02159825, 0.03999371, 0.04282146, 0.06887100, 0.05382086, 0.01082851, 0.03131407, 0.06714558},
{0.08377317, 0.05721366, 0.04145783, 0.06272140, 0.01322489, 0.07351416, 0.03860236, 0.06653291, 0.02259513, 0.06002226, 0.09253950, 0.05963246, 0.02081905, 0.03813435, 0.04393462, 0.06468514, 0.05294794, 0.01068081, 0.02906218, 0.06790616},
{0.07288351, 0.05469800, 0.04017069, 0.05050496, 0.03183775, 0.05758702, 0.03654574, 0.07170413, 0.02649093, 0.05474387, 0.09525328, 0.05375334, 0.02198861, 0.04633524, 0.04925561, 0.06924863, 0.05290502, 0.01271598, 0.03381920, 0.06755849},
{0.08154517, 0.06062220, 0.04085776, 0.06083204, 0.01212013, 0.08766876, 0.04334942, 0.06372285, 0.02121975, 0.05681757, 0.08887857, 0.06875431, 0.01981797, 0.03545532, 0.04436866, 0.06277072, 0.04949587, 0.00960312, 0.02671990, 0.06537990},
{0.08155222, 0.05733674, 0.04225602, 0.05550069, 0.01287757, 0.07108888, 0.05495565, 0.06585240, 0.02326244, 0.05543880, 0.09352421, 0.05921877, 0.02129445, 0.03581997, 0.04723662, 0.06651228, 0.05215654, 0.01070625, 0.02813449, 0.06527501},
{0.09129218, 0.05399107, 0.03742728, 0.05405134, 0.01423143, 0.06233316, 0.03524008, 0.08264673, 0.02255126, 0.05840776, 0.09259592, 0.05015004, 0.02209563, 0.03826022, 0.04893542, 0.06701320, 0.05647726, 0.01105591, 0.02805219, 0.07319192},
{0.08188705, 0.05716717, 0.04039325, 0.05547964, 0.01453958, 0.06634757, 0.04133615, 0.07034329, 0.02744587, 0.05730473, 0.09714240, 0.05430154, 0.02272445, 0.03901041, 0.04851511, 0.06403983, 0.05163811, 0.01152599, 0.03041006, 0.06844780},
{0.07692302, 0.05144691, 0.04319835, 0.05399857, 0.01291452, 0.06544362, 0.03532789, 0.07578931, 0.02271681, 0.06715092, 0.09800280, 0.06104104, 0.02227354, 0.04055704, 0.04465460, 0.06450170, 0.05429294, 0.01014589, 0.03110389, 0.06851666},
{0.08243259, 0.05483535, 0.03855385, 0.05203882, 0.01373972, 0.06485705, 0.03882707, 0.06965938, 0.02424802, 0.06048684, 0.10780820, 0.05437378, 0.02158069, 0.04095008, 0.04611774, 0.06422192, 0.05226881, 0.01132031, 0.03078234, 0.07089744},
{0.07427308, 0.05397507, 0.04490374, 0.05757914, 0.01348803, 0.07609000, 0.03906272, 0.06630921, 0.02080416, 0.06299577, 0.09079821, 0.07591263, 0.01985132, 0.03837383, 0.04327393, 0.06433249, 0.05112644, 0.00987021, 0.02915209, 0.06782794},
{0.08187694, 0.05283319, 0.03992676, 0.05248691, 0.01384850, 0.06625085, 0.03860884, 0.07290568, 0.02417018, 0.06071013, 0.10231721, 0.05499786, 0.02640890, 0.04077865, 0.04632474, 0.06266929, 0.05341285, 0.01026107, 0.03016836, 0.06904309},
{0.07727104, 0.05071101, 0.04132367, 0.05281337, 0.01500214, 0.06414932, 0.03651347, 0.06950036, 0.02351046, 0.06229130, 0.10286688, 0.05730521, 0.02275000, 0.04490810, 0.04613292, 0.06445071, 0.05255871, 0.01232676, 0.03411502, 0.06949955},
{0.08381606, 0.05550487, 0.03597642, 0.05216152, 0.01471358, 0.06454872, 0.04118172, 0.07278271, 0.02301257, 0.05679394, 0.09564139, 0.05203819, 0.02129884, 0.03690906, 0.06052295, 0.06852783, 0.05492288, 0.01231498, 0.02819609, 0.06913570},
{0.07979382, 0.05421726, 0.04171659, 0.05293236, 0.01413730, 0.06362712, 0.03965573, 0.06630792, 0.02209601, 0.05954588, 0.09830070, 0.05528339, 0.02124141, 0.03926376, 0.04891699, 0.07905819, 0.05576910, 0.01086723, 0.02907627, 0.06819296},
{0.08656434, 0.05296222, 0.04105449, 0.05292082, 0.01422578, 0.06456990, 0.03847779, 0.07097114, 0.02300261, 0.05865445, 0.09837753, 0.05535093, 0.02257975, 0.03840684, 0.04705528, 0.06800123, 0.05852889, 0.01088458, 0.02945151, 0.06795993},
{0.08160469, 0.05335745, 0.03871075, 0.05201659, 0.01824676, 0.06270004, 0.03733517, 0.07078281, 0.02362900, 0.05762360, 0.10310519, 0.05378382, 0.02296243, 0.04221627, 0.04879178, 0.06136015, 0.04972459, 0.01857618, 0.03423094, 0.06924179},
{0.07327868, 0.05307202, 0.04433108, 0.05529427, 0.01448017, 0.06661929, 0.03825282, 0.07034051, 0.02376815, 0.06156744, 0.09643322, 0.06070148, 0.02255724, 0.04119674, 0.04648872, 0.06419584, 0.05278719, 0.01243614, 0.03572653, 0.06647248},
{0.08449945, 0.05478200, 0.03968939, 0.05423726, 0.01299727, 0.06516245, 0.03660917, 0.08033059, 0.02295030, 0.05873116, 0.09646488, 0.05668957, 0.02238750, 0.03833807, 0.04890368, 0.06193343, 0.05464539, 0.01048580, 0.02855084, 0.07161180},
},{
{0.09841164, 0.05652999, 0.03624282, 0.05371663, 0.01281327, 0.06685427, 0.03883443, 0.07518835, 0.02259626, 0.05686679, 0.09810848, 0.05365599, 0.02117041, 0.03660070, 0.04771139, 0.06191662, 0.05205323, 0.01081046, 0.02687077, 0.07304750},
{0.08514522, 0.06682633, 0.03730357, 0.05563736, 0.01356708, 0.06996930, 0.04116430, 0.06976084, 0.02341099, 0.05503576, 0.09701662, 0.05606536, 0.02160420, 0.03669634, 0.04711089, 0.06330170, 0.05156539, 0.01070699, 0.02842199, 0.06968976},
{0.07502066, 0.05138486, 0.05422694, 0.05553655, 0.01484233, 0.06645018, 0.03909802, 0.06545558, 0.02218952, 0.06342743, 0.09498761, 0.06097396, 0.02182155, 0.03936527, 0.04382456, 0.06884019, 0.05464292, 0.01077372, 0.03151487, 0.06562327},
{0.08441177, 0.05620235, 0.04054345, 0.06160990, 0.01326097, 0.07285613, 0.03875922, 0.06732117, 0.02284982, 0.05945199, 0.09570432, 0.05730139, 0.02144407, 0.03716294, 0.04403244, 0.06470378, 0.05282616, 0.01067961, 0.02954175, 0.06933678},
{0.07576849, 0.05400168, 0.04127126, 0.05434897, 0.02593656, 0.06138787, 0.03758104, 0.07320983, 0.02582693, 0.05576304, 0.09357675, 0.05493583, 0.02135052, 0.03944167, 0.05103517, 0.07231056, 0.05402775, 0.01211213, 0.03068320, 0.06543074},
{0.08239155, 0.05726120, 0.04021050, 0.05921102, 0.01331372, 0.08341358, 0.04142555, 0.06372213, 0.02233713, 0.05826123, 0.09429069, 0.06407492, 0.02101946, 0.03551058, 0.04328285, 0.06220024, 0.05164774, 0.01008810, 0.02928666, 0.06705115},
{0.08235184, 0.05634838, 0.04155158, 0.05399987, 0.01329789, 0.07037843, 0.05306728, 0.06397604, 0.02284074, 0.05590917, 0.09707570, 0.05925690, 0.02148811, 0.03651939, 0.04707702, 0.06652190, 0.05258623, 0.01101320, 0.02840841, 0.06633192},
{0.08756402, 0.05600612, 0.03836066, 0.05408861, 0.01425493, 0.06367305, 0.03628814, 0.08076392, 0.02269514, 0.05819977, 0.09567077, 0.05194336, 0.02282865, 0.03769073, 0.04937890, 0.06459741, 0.05527695, 0.01164910, 0.02830978, 0.07075997},
{0.08364096, 0.05631458, 0.03860665, 0.05703048, 0.01754734, 0.06524004, 0.04061184, 0.07322353, 0.02756008, 0.05646637, 0.09539511, 0.05591521, 0.02237798, 0.03861845, 0.04755618, 0.06461321, 0.05271283, 0.01085244, 0.02990864, 0.06580809},
{0.07734632, 0.05124028, 0.04379421, 0.05456117, 0.01308839, 0.06612322, 0.03658033, 0.07450401, 0.02272519, 0.06718971, 0.09634234, 0.06165954, 0.02185723, 0.04131787, 0.04494963, 0.06382642, 0.05343339, 0.01044161, 0.03007119, 0.06894796},
{0.08101088, 0.05464775, 0.03911776, 0.05271799, 0.01325081, 0.06662380, 0.03951663, 0.07256774, 0.02293549, 0.06119479, 0.10393390, 0.05604831, 0.02117963, 0.04044006, 0.04735193, 0.06408229, 0.05146708, 0.01112418, 0.02881354, 0.07197543},
{0.07543855, 0.05367693, 0.04372285, 0.05689842, 0.01318846, 0.07505615, 0.03935451, 0.06589310, 0.02119084, 0.06262181, 0.09231526, 0.07439598, 0.02083850, 0.03863384, 0.04288656, 0.06522746, 0.05192686, 0.00973948, 0.02985129, 0.06714315},
{0.08248086, 0.05510583, 0.03993942, 0.05163878, 0.01281045, 0.06319006, 0.03808882, 0.07352315, 0.02250507, 0.06306366, 0.09993277, 0.05769203, 0.02419719, 0.04079773, 0.04672263, 0.06508315, 0.05268093, 0.01079184, 0.02983072, 0.06992493},
{0.07681840, 0.05176835, 0.04144821, 0.05347188, 0.01399479, 0.06202040, 0.03674320, 0.07110781, 0.02326400, 0.06332355, 0.10121586, 0.05635815, 0.02274800, 0.04648197, 0.04658193, 0.06474326, 0.05333964, 0.01210115, 0.03236802, 0.07010141},
{0.08530961, 0.05581681, 0.03850363, 0.05385672, 0.01426036, 0.06570556, 0.04103559, 0.07195146, 0.02282376, 0.05386051, 0.09303295, 0.05482055, 0.02129384, 0.03770435, 0.05983735, 0.06855761, 0.05504616, 0.01120365, 0.02847973, 0.06689979},
{0.08045516, 0.05384048, 0.04154157, 0.05291757, 0.01462646, 0.06495095, 0.03960091, 0.06778795, 0.02217508, 0.05785262, 0.09769240, 0.05639570, 0.02095574, 0.03900109, 0.04869858, 0.07941082, 0.05528035, 0.01097447, 0.02880279, 0.06703931},
{0.08522211, 0.05440440, 0.04029066, 0.05273796, 0.01352118, 0.06391904, 0.03907985, 0.07222522, 0.02291586, 0.05928727, 0.09702791, 0.05630605, 0.02181324, 0.03885091, 0.04693698, 0.06704641, 0.05820692, 0.01105669, 0.03012599, 0.06902535},
{0.08023923, 0.05730330, 0.03771795, 0.05212892, 0.01586324, 0.06116329, 0.03815237, 0.07196390, 0.02501323, 0.05860657, 0.10095080, 0.05376260, 0.02179037, 0.04282606, 0.05281248, 0.06267313, 0.05037236, 0.01696623, 0.03230120, 0.06739277},
{0.07467523, 0.05441942, 0.04380468, 0.05651624, 0.01445551, 0.06543073, 0.03779745, 0.07203374, 0.02449516, 0.06155936, 0.09364593, 0.05938427, 0.02269308, 0.04229806, 0.04745995, 0.06409343, 0.05283164, 0.01220179, 0.03398042, 0.06622390},
{0.08440247, 0.05489101, 0.03968413, 0.05530743, 0.01309790, 0.06669228, 0.03708490, 0.07955621, 0.02275854, 0.05853916, 0.09550810, 0.05621555, 0.02137599, 0.03809628, 0.04806143, 0.06333848, 0.05357886, 0.01092013, 0.02954776, 0.07134340},
}};

double lambda_8[8]={0.125000, 0.125000, 0.125000, 0.125000, 0.125000, 0.125000, 0.125000, 0.125000};


