double a_17[17][20][20]={{
{0.10425939, 0.05645188, 0.03450676, 0.05377423, 0.01278284, 0.06801175, 0.03979283, 0.07513932, 0.02093442, 0.05703453, 0.10247394, 0.05487655, 0.02348307, 0.03596157, 0.04173815, 0.06109515, 0.05098102, 0.01017070, 0.02579048, 0.07074141},
{0.08000088, 0.06880722, 0.03836109, 0.05523563, 0.01323484, 0.07147468, 0.04226177, 0.06623666, 0.02486958, 0.05876395, 0.09865297, 0.05676287, 0.02229169, 0.04108869, 0.04464166, 0.05973648, 0.04738607, 0.01149991, 0.03143430, 0.06725906},
{0.07360723, 0.04855720, 0.05535500, 0.05023192, 0.01419987, 0.06077324, 0.03848311, 0.07027664, 0.02199350, 0.06773303, 0.09422476, 0.05911565, 0.02173286, 0.04075666, 0.05577922, 0.06517282, 0.05072452, 0.01169118, 0.03287487, 0.06671675},
{0.08154332, 0.05064446, 0.03754586, 0.05751166, 0.01316743, 0.07345751, 0.03260376, 0.07088694, 0.02071006, 0.06675685, 0.09984660, 0.05415100, 0.02183077, 0.04348992, 0.04710650, 0.05992627, 0.04860532, 0.01289359, 0.03431894, 0.07300323},
{0.06817171, 0.05667434, 0.04110127, 0.05465093, 0.02276527, 0.05844956, 0.03902088, 0.08855649, 0.02822946, 0.05305132, 0.09124332, 0.05139941, 0.01805424, 0.04058654, 0.05450732, 0.07445893, 0.05129795, 0.01245971, 0.03233951, 0.06298185},
{0.08599434, 0.05916397, 0.04369902, 0.05515325, 0.01145970, 0.08512115, 0.04224964, 0.06158638, 0.02124274, 0.06416628, 0.09696086, 0.07012836, 0.02388100, 0.03468457, 0.03508361, 0.05290760, 0.05031153, 0.01024790, 0.02713734, 0.06882077},
{0.08865934, 0.06033259, 0.03902910, 0.04580008, 0.01263208, 0.06656419, 0.06061433, 0.06408234, 0.02436046, 0.05779650, 0.10127855, 0.05802866, 0.02338744, 0.03565094, 0.04740356, 0.05758858, 0.04980021, 0.01156018, 0.02805460, 0.06737627},
{0.07901525, 0.05633708, 0.03635151, 0.05326008, 0.01440258, 0.06291514, 0.03662922, 0.08079026, 0.02429018, 0.06241526, 0.09182094, 0.06172575, 0.02378251, 0.04187018, 0.03862004, 0.06545042, 0.05428072, 0.01225209, 0.03163948, 0.07215130},
{0.07325644, 0.05707006, 0.03831899, 0.04673253, 0.01697163, 0.05321689, 0.04202619, 0.07615598, 0.03313655, 0.06040869, 0.10297418, 0.04642432, 0.02021923, 0.04467719, 0.06084565, 0.06473607, 0.05193501, 0.01189719, 0.03496268, 0.06403453},
{0.08362679, 0.05226999, 0.04548751, 0.06300404, 0.01487182, 0.07028363, 0.03556796, 0.06932828, 0.02252224, 0.06068501, 0.08876725, 0.05892691, 0.01899321, 0.03693984, 0.04886113, 0.06766314, 0.05681464, 0.00936691, 0.02936845, 0.06665126},
{0.08759350, 0.05793649, 0.04104290, 0.05658213, 0.01365179, 0.06783905, 0.04055058, 0.06867529, 0.02332371, 0.05319065, 0.09657399, 0.05966137, 0.02059679, 0.03697505, 0.05118607, 0.06934034, 0.05429091, 0.00998258, 0.02650022, 0.06450660},
{0.08024036, 0.05615271, 0.04602880, 0.05579535, 0.01153696, 0.07861566, 0.03967517, 0.06264335, 0.02086242, 0.06200842, 0.09209048, 0.07513290, 0.02130753, 0.03245341, 0.04416231, 0.05967368, 0.05396106, 0.00957297, 0.03060096, 0.06748551},
{0.08900303, 0.05453997, 0.04204934, 0.05609643, 0.01226459, 0.06600472, 0.03959667, 0.07371620, 0.02245357, 0.05639848, 0.09644177, 0.05935489, 0.02771039, 0.03525892, 0.04843562, 0.06068754, 0.05330296, 0.00869662, 0.02587872, 0.07210957},
{0.07429648, 0.04933989, 0.04331593, 0.06239229, 0.01683491, 0.06284471, 0.03509169, 0.07518206, 0.02385888, 0.05987188, 0.09448170, 0.05258513, 0.02054973, 0.04325872, 0.04346553, 0.07509205, 0.05590056, 0.01192693, 0.03282274, 0.06688818},
{0.08098586, 0.04808165, 0.03725936, 0.05513231, 0.01232309, 0.07729886, 0.04060223, 0.07669545, 0.02323937, 0.05041908, 0.09054732, 0.04952831, 0.01972564, 0.03908145, 0.05818484, 0.07065138, 0.05420853, 0.01129103, 0.03002197, 0.07472226},
{0.07408398, 0.05310427, 0.04031194, 0.05242130, 0.01461077, 0.05941396, 0.03908636, 0.07705531, 0.02316163, 0.05643776, 0.09722440, 0.05382503, 0.02080461, 0.04090579, 0.05031249, 0.08581889, 0.05512289, 0.01156056, 0.02928995, 0.06544813},
{0.08101192, 0.04950178, 0.03790358, 0.05214699, 0.01440721, 0.05948867, 0.03525047, 0.07807729, 0.02265583, 0.05971685, 0.10150867, 0.04974160, 0.02046466, 0.03941751, 0.05741999, 0.06739139, 0.06007299, 0.01124096, 0.02815974, 0.07442189},
{0.07126111, 0.06067856, 0.04546526, 0.05630562, 0.01556312, 0.05827561, 0.04856342, 0.06341904, 0.02487728, 0.05828594, 0.11056203, 0.05685470, 0.02496289, 0.04230560, 0.03860276, 0.06283158, 0.04998925, 0.01579141, 0.03090189, 0.06450292},
{0.07087753, 0.05824716, 0.04379880, 0.05822670, 0.01646388, 0.06168945, 0.04247236, 0.07544654, 0.02524575, 0.05714603, 0.09684197, 0.05282919, 0.01965985, 0.04475686, 0.04516326, 0.06612159, 0.05255820, 0.01228227, 0.03505311, 0.06511950},
{0.08536418, 0.05353428, 0.03964904, 0.05878416, 0.01433770, 0.06960844, 0.03454414, 0.06651260, 0.02087620, 0.06088846, 0.09525791, 0.05672936, 0.02216693, 0.03750634, 0.04793463, 0.06529866, 0.05769229, 0.01025852, 0.02735449, 0.07570168},
},{
{0.10456316, 0.06008312, 0.03513499, 0.04935165, 0.01307241, 0.06726815, 0.03992586, 0.07512588, 0.02179785, 0.05771707, 0.10051562, 0.05623966, 0.02265532, 0.03549339, 0.04179975, 0.06031687, 0.05043003, 0.00997105, 0.02704560, 0.07149257},
{0.08531726, 0.06877624, 0.03494934, 0.04718600, 0.01345295, 0.06243745, 0.03949335, 0.07436177, 0.02477832, 0.06060333, 0.10868506, 0.05451837, 0.02317748, 0.03990364, 0.04362726, 0.05815676, 0.04769522, 0.01260468, 0.03061630, 0.06965924},
{0.06870633, 0.04804901, 0.05545713, 0.05549673, 0.01330715, 0.06315193, 0.03815850, 0.06038790, 0.02192702, 0.06851267, 0.10117460, 0.06071712, 0.02108556, 0.04183604, 0.04782293, 0.06712188, 0.05674292, 0.01108659, 0.03239464, 0.06686337},
{0.07977968, 0.04884006, 0.03871437, 0.06108133, 0.01302126, 0.06937801, 0.03545930, 0.05879805, 0.02047147, 0.06928774, 0.10597797, 0.05428062, 0.02196654, 0.04115029, 0.04475771, 0.06322315, 0.05066380, 0.01114868, 0.03151568, 0.08048429},
{0.07569600, 0.05447560, 0.04454903, 0.05340491, 0.02492609, 0.06414192, 0.03898601, 0.07263648, 0.02552582, 0.05571564, 0.08680409, 0.05803458, 0.02046537, 0.03936684, 0.05051239, 0.07075612, 0.05209151, 0.01129343, 0.03033927, 0.07027892},
{0.08342402, 0.05239612, 0.03468608, 0.05108650, 0.01356377, 0.07665019, 0.03741799, 0.06743456, 0.01930024, 0.06857888, 0.11210923, 0.05907354, 0.02487476, 0.04142777, 0.03922450, 0.05497385, 0.04770812, 0.01091359, 0.03059083, 0.07456547},
{0.08188639, 0.05616786, 0.03701501, 0.04595226, 0.01308834, 0.06431244, 0.05532448, 0.06513238, 0.02306877, 0.06338094, 0.11429121, 0.05442232, 0.02360763, 0.03910028, 0.04488933, 0.05952450, 0.04730886, 0.01155398, 0.02951166, 0.07046137},
{0.07952269, 0.05370884, 0.03703941, 0.05489909, 0.01421667, 0.05737960, 0.03303144, 0.08431080, 0.02118006, 0.06170423, 0.08936317, 0.05371535, 0.02237816, 0.03794748, 0.05441556, 0.06747617, 0.06027619, 0.01102437, 0.02976859, 0.07664213},
{0.07599938, 0.05489971, 0.04012050, 0.05967991, 0.01467380, 0.06161468, 0.03929095, 0.07316385, 0.03242601, 0.05920665, 0.10226833, 0.05005961, 0.02109048, 0.04135800, 0.04949345, 0.06294060, 0.04950524, 0.01211651, 0.03067942, 0.06941293},
{0.08316930, 0.05647132, 0.04810039, 0.06122924, 0.01305123, 0.07479582, 0.04110434, 0.07356300, 0.02381709, 0.05335801, 0.08077018, 0.06291763, 0.01942254, 0.03657774, 0.04597656, 0.06790815, 0.05623253, 0.00955243, 0.02848091, 0.06350159},
{0.08632716, 0.05917499, 0.04429428, 0.06151976, 0.01318895, 0.07751231, 0.04430536, 0.07137845, 0.02411264, 0.04991452, 0.08797835, 0.06311757, 0.01969595, 0.03492094, 0.04751104, 0.06659304, 0.05069921, 0.01053857, 0.02667919, 0.06053775},
{0.07635447, 0.05280675, 0.04112980, 0.04818476, 0.01300513, 0.06547246, 0.03697300, 0.06830042, 0.02134623, 0.06962973, 0.10539479, 0.07185282, 0.02297656, 0.04200734, 0.03978059, 0.05955843, 0.05063153, 0.01117196, 0.03321156, 0.07021169},
{0.08394566, 0.05815572, 0.04089511, 0.05782193, 0.01353609, 0.07505646, 0.04271751, 0.07144718, 0.02399661, 0.05415231, 0.08911160, 0.06051480, 0.02563870, 0.03969310, 0.04421655, 0.06260342, 0.05110430, 0.01107394, 0.02986910, 0.06444991},
{0.07562987, 0.05488691, 0.04762180, 0.06197725, 0.01466706, 0.06922228, 0.04133988, 0.07408777, 0.02519712, 0.05389744, 0.08478926, 0.06088498, 0.01988237, 0.03984744, 0.04952738, 0.06843408, 0.05400888, 0.01129428, 0.02980249, 0.06300146},
{0.07960362, 0.05010728, 0.03615109, 0.05225188, 0.01415216, 0.06112256, 0.03802154, 0.07406705, 0.02473064, 0.05639178, 0.09318454, 0.04826628, 0.02196800, 0.03964545, 0.06734496, 0.07093131, 0.05895411, 0.01222990, 0.03037564, 0.07050022},
{0.07692331, 0.05102917, 0.04099480, 0.05331892, 0.01444958, 0.06446104, 0.03735791, 0.06928455, 0.02176642, 0.05922353, 0.09919970, 0.05338981, 0.02103844, 0.03985066, 0.05056277, 0.08500783, 0.05543274, 0.01137482, 0.03016642, 0.06516757},
{0.08301279, 0.05323370, 0.04076396, 0.05480237, 0.01347689, 0.07136752, 0.03769594, 0.06793383, 0.02285584, 0.05721494, 0.09380323, 0.05715310, 0.02105336, 0.03789179, 0.04952572, 0.07017940, 0.06377333, 0.01051737, 0.02824939, 0.06549554},
{0.07606300, 0.06026563, 0.04371381, 0.05922474, 0.01577177, 0.06849725, 0.04401844, 0.07201806, 0.02471996, 0.05000834, 0.08767910, 0.06152405, 0.02138272, 0.03917327, 0.05157927, 0.06505076, 0.05227664, 0.01649129, 0.02938500, 0.06115691},
{0.07299794, 0.05620689, 0.04704840, 0.06088082, 0.01666200, 0.06548126, 0.04135541, 0.07109528, 0.02664359, 0.05690459, 0.08956946, 0.05989924, 0.02041796, 0.04010970, 0.04881378, 0.06502210, 0.05347674, 0.01150843, 0.03318399, 0.06272242},
{0.08975915, 0.05571538, 0.04071871, 0.06086838, 0.01394264, 0.07204523, 0.03741633, 0.07634076, 0.02250352, 0.05440860, 0.08648405, 0.05582901, 0.02085921, 0.03704238, 0.04595877, 0.06517938, 0.05422807, 0.00979146, 0.02722693, 0.07368204},
},{
{0.10354301, 0.05795749, 0.03629598, 0.05253080, 0.01264019, 0.06735747, 0.03951128, 0.07334995, 0.02228545, 0.05781503, 0.10004924, 0.05327419, 0.02229778, 0.03613598, 0.04558343, 0.06039303, 0.05140939, 0.01014533, 0.02687291, 0.07055205},
{0.08578812, 0.06818044, 0.03641119, 0.05639232, 0.01234374, 0.07102953, 0.04148924, 0.07293809, 0.02253126, 0.05513815, 0.09827821, 0.05657723, 0.02162774, 0.03800758, 0.04433892, 0.06333997, 0.04944056, 0.01102683, 0.02814731, 0.06697355},
{0.06819608, 0.05158783, 0.05563617, 0.05452219, 0.01316847, 0.06313160, 0.03804754, 0.06358224, 0.02175023, 0.06710815, 0.09762784, 0.06381793, 0.02032718, 0.04173085, 0.04358088, 0.06750257, 0.05502614, 0.01102785, 0.03268556, 0.06994268},
{0.07916873, 0.06073097, 0.04063902, 0.05844466, 0.01213272, 0.06871947, 0.03599581, 0.06654211, 0.02181016, 0.06332694, 0.09286773, 0.06503536, 0.02020296, 0.03877573, 0.04230232, 0.06239045, 0.05635786, 0.01082598, 0.03033798, 0.07339303},
{0.07404023, 0.04734891, 0.04134914, 0.05163658, 0.05287501, 0.05475606, 0.03365717, 0.07523066, 0.02604206, 0.05621415, 0.09572478, 0.04831578, 0.02159715, 0.03961168, 0.05100020, 0.06678057, 0.05372365, 0.01208031, 0.03207461, 0.06594130},
{0.08310757, 0.06767159, 0.03880583, 0.05795374, 0.01148262, 0.08488146, 0.04283812, 0.06327597, 0.02012615, 0.05610766, 0.09035649, 0.07659776, 0.01943611, 0.03521635, 0.04281422, 0.05977457, 0.04860373, 0.00978028, 0.02716652, 0.06400326},
{0.08264122, 0.05803173, 0.04041143, 0.05393230, 0.01268111, 0.07235768, 0.05678545, 0.06439387, 0.02305606, 0.05704080, 0.09769811, 0.05844195, 0.02096715, 0.03678910, 0.04627097, 0.06487426, 0.05011342, 0.01089290, 0.02793906, 0.06468142},
{0.08328596, 0.05153665, 0.03420231, 0.04827088, 0.01407696, 0.05572194, 0.03217064, 0.08422300, 0.02327826, 0.06496948, 0.09526574, 0.04868663, 0.02196091, 0.04167754, 0.05134559, 0.06420817, 0.05746138, 0.01101864, 0.03076762, 0.08587171},
{0.07481680, 0.05786566, 0.04253038, 0.05484708, 0.01572216, 0.06548828, 0.04110030, 0.07047611, 0.03228477, 0.05568730, 0.09355259, 0.05283162, 0.02137458, 0.04036310, 0.04989649, 0.06638626, 0.05505926, 0.01185415, 0.03127858, 0.06658453},
{0.08289766, 0.04772911, 0.04579005, 0.05677853, 0.01374238, 0.06533686, 0.03598721, 0.07755474, 0.02312010, 0.06534023, 0.09972424, 0.05574003, 0.02284457, 0.03978125, 0.04325545, 0.06387952, 0.05337340, 0.01085435, 0.02992054, 0.06634979},
{0.08721476, 0.05413005, 0.03986368, 0.05351355, 0.01402102, 0.06780956, 0.04031042, 0.07062813, 0.02440754, 0.05842604, 0.10826889, 0.05575359, 0.02334552, 0.03904350, 0.04430920, 0.06381358, 0.04986097, 0.01141552, 0.02988872, 0.06397575},
{0.07378577, 0.05342388, 0.04381377, 0.05792097, 0.01149120, 0.08181178, 0.04133707, 0.06620245, 0.02037815, 0.06229231, 0.09308653, 0.07689305, 0.01927124, 0.03807602, 0.04251691, 0.06314329, 0.04925931, 0.00953839, 0.02902308, 0.06673480},
{0.08777696, 0.05250532, 0.04080076, 0.05459799, 0.01441820, 0.06479582, 0.03774286, 0.07299115, 0.02370271, 0.05809132, 0.10051481, 0.05337965, 0.02800429, 0.04033504, 0.04280526, 0.06385592, 0.05217521, 0.01163575, 0.03111511, 0.06875588},
{0.07682816, 0.05089628, 0.04398712, 0.05797420, 0.01402921, 0.06531836, 0.03721016, 0.06994311, 0.02446457, 0.05828088, 0.09901236, 0.05503557, 0.02399779, 0.04480437, 0.04868955, 0.06702581, 0.05250193, 0.01312004, 0.03225292, 0.06462760},
{0.08100031, 0.05550652, 0.03379333, 0.04945675, 0.01461088, 0.06290041, 0.03995380, 0.06624757, 0.02237520, 0.05909893, 0.09299714, 0.05194573, 0.02134059, 0.03792633, 0.06805159, 0.06880239, 0.05774306, 0.01172694, 0.02913252, 0.07539001},
{0.07577297, 0.05206500, 0.04314740, 0.05713294, 0.01378558, 0.06914289, 0.04086154, 0.06839004, 0.02261142, 0.05558408, 0.09180332, 0.05500716, 0.02028115, 0.03842375, 0.05147463, 0.08322407, 0.05637505, 0.01082939, 0.02916781, 0.06491981},
{0.08137806, 0.05201356, 0.04252504, 0.05688560, 0.01353306, 0.06871752, 0.04150783, 0.07306508, 0.02315756, 0.05717911, 0.08911778, 0.05404635, 0.02105557, 0.03776418, 0.05035450, 0.06929138, 0.06062419, 0.01091538, 0.02897751, 0.06789073},
{0.07725169, 0.05707967, 0.04335230, 0.05849744, 0.01370916, 0.06525802, 0.03929241, 0.07598058, 0.02446518, 0.04909964, 0.09315861, 0.05313542, 0.02242834, 0.04241041, 0.05359357, 0.06580033, 0.05016407, 0.01675679, 0.03223951, 0.06632688},
{0.07197787, 0.05263171, 0.04536703, 0.06007550, 0.01407843, 0.06766253, 0.03974092, 0.06835440, 0.02369498, 0.05937265, 0.09328422, 0.05844057, 0.02298975, 0.04112339, 0.04925576, 0.06663112, 0.05270361, 0.01165175, 0.03552290, 0.06544091},
{0.08898029, 0.05011584, 0.04030470, 0.05719772, 0.01390142, 0.06473195, 0.03523066, 0.08048128, 0.02308754, 0.05877360, 0.09614834, 0.05213219, 0.02322465, 0.03706591, 0.04686408, 0.06441632, 0.05468206, 0.01082872, 0.02865003, 0.07318268},
},{
{0.11493287, 0.05679225, 0.03398913, 0.05161929, 0.01248968, 0.06481552, 0.03755350, 0.08112684, 0.02183435, 0.05385269, 0.09667567, 0.05226210, 0.02095403, 0.03513134, 0.04544583, 0.06145940, 0.05066017, 0.01049849, 0.02718068, 0.07072618},
{0.08270045, 0.06772599, 0.03632828, 0.05595012, 0.01289445, 0.07893174, 0.04158759, 0.06863629, 0.02241601, 0.05715489, 0.09655299, 0.05524135, 0.02140700, 0.03610071, 0.04796451, 0.06266439, 0.04949046, 0.01107541, 0.02805379, 0.06712356},
{0.07311544, 0.05078304, 0.05545601, 0.05260874, 0.01333101, 0.06467523, 0.03976590, 0.06197743, 0.02257204, 0.06692435, 0.09249632, 0.06241614, 0.02179942, 0.04111088, 0.04264522, 0.06948358, 0.05557849, 0.01146328, 0.03250511, 0.06929235},
{0.08492962, 0.05998474, 0.04105997, 0.05806265, 0.01287796, 0.07137451, 0.03916635, 0.06128647, 0.02207284, 0.06227644, 0.09393343, 0.06024550, 0.02118848, 0.03999325, 0.04305772, 0.06202733, 0.05153621, 0.01116366, 0.03094510, 0.07281777},
{0.07157591, 0.04901095, 0.04326199, 0.05327135, 0.02834787, 0.05788573, 0.03624147, 0.09188772, 0.02706460, 0.05429156, 0.09483831, 0.04986802, 0.02161616, 0.04749155, 0.04755790, 0.06745055, 0.05148889, 0.01244671, 0.03170397, 0.06269878},
{0.08312726, 0.06563095, 0.04000871, 0.05560879, 0.01113912, 0.08407761, 0.04525627, 0.05834901, 0.02173025, 0.05629460, 0.09277362, 0.07539368, 0.01945868, 0.03509126, 0.04204222, 0.06102843, 0.04984615, 0.01008528, 0.02824244, 0.06481566},
{0.07978357, 0.05546390, 0.04205045, 0.06106912, 0.01186576, 0.07804504, 0.05671162, 0.06168235, 0.02369108, 0.05493909, 0.09542032, 0.05807327, 0.02073088, 0.03607822, 0.04573918, 0.06424209, 0.05138457, 0.01206140, 0.02754735, 0.06342074},
{0.08967232, 0.05570374, 0.03603712, 0.05246752, 0.01388276, 0.05987074, 0.03432971, 0.08406276, 0.02210113, 0.05866394, 0.09277215, 0.04831510, 0.02090445, 0.03982358, 0.04960104, 0.06709036, 0.05676350, 0.01113839, 0.03007957, 0.07672011},
{0.07529902, 0.05415800, 0.03868038, 0.05376423, 0.01441728, 0.06470269, 0.04140963, 0.06671373, 0.03479718, 0.05895511, 0.09887244, 0.05463453, 0.02271915, 0.03915266, 0.04941983, 0.06435490, 0.05412852, 0.01105706, 0.03043415, 0.07232950},
{0.07451544, 0.04987713, 0.04526204, 0.05676444, 0.01469773, 0.06389885, 0.03555492, 0.07360906, 0.02331976, 0.06760230, 0.10171917, 0.05978242, 0.02391164, 0.03993892, 0.04298500, 0.06317301, 0.05510021, 0.00994685, 0.02938291, 0.06895822},
{0.08000205, 0.05243362, 0.03981812, 0.05517163, 0.01456867, 0.06477371, 0.03936107, 0.07819849, 0.02309920, 0.05996423, 0.10652750, 0.05367054, 0.02285913, 0.04025432, 0.04798709, 0.06258763, 0.05040436, 0.01079428, 0.02988942, 0.06763495},
{0.07333635, 0.05123204, 0.04259613, 0.05942479, 0.01307033, 0.08669977, 0.04009703, 0.05957242, 0.02025268, 0.06437195, 0.09153799, 0.07520445, 0.01978231, 0.03788397, 0.04257673, 0.06385224, 0.05184853, 0.01015755, 0.02931443, 0.06718832},
{0.08204371, 0.05215880, 0.04079541, 0.05543117, 0.01398859, 0.06579213, 0.03872247, 0.08159081, 0.02411627, 0.05860095, 0.09846448, 0.05437384, 0.02820301, 0.04089925, 0.04513754, 0.06212201, 0.04978004, 0.01135792, 0.03033011, 0.06609149},
{0.07205809, 0.05025632, 0.04336051, 0.05617113, 0.01683716, 0.06080529, 0.03653287, 0.07315134, 0.02440153, 0.05836028, 0.10033251, 0.05637121, 0.02362311, 0.04781034, 0.04705353, 0.06601515, 0.05375833, 0.01203652, 0.03329535, 0.06776943},
{0.08600933, 0.05658199, 0.03617823, 0.05093190, 0.01272870, 0.06633291, 0.04031741, 0.07175717, 0.02290741, 0.05475169, 0.08787900, 0.05407833, 0.01968829, 0.03709795, 0.06755045, 0.06924028, 0.05553595, 0.01176436, 0.02909209, 0.06957656},
{0.08050290, 0.05384181, 0.04259165, 0.05247991, 0.01353575, 0.06218322, 0.03917894, 0.06733540, 0.02254941, 0.05746224, 0.09371354, 0.05717606, 0.02081331, 0.03919123, 0.05013897, 0.08489069, 0.05641720, 0.01104690, 0.02951110, 0.06543977},
{0.08226111, 0.05195033, 0.04187616, 0.05219154, 0.01375364, 0.06362503, 0.03758458, 0.06633539, 0.02275501, 0.06308535, 0.09842553, 0.05487085, 0.02361774, 0.03820872, 0.04945136, 0.06792379, 0.05968370, 0.01155273, 0.02906707, 0.07178037},
{0.07304711, 0.06106169, 0.04521484, 0.05494247, 0.01772760, 0.06268501, 0.04302301, 0.07856927, 0.02762752, 0.05097867, 0.08951120, 0.05353425, 0.02183316, 0.04187418, 0.04844229, 0.06544141, 0.05421252, 0.01614021, 0.03250930, 0.06162429},
{0.06724464, 0.05435351, 0.04566657, 0.05821561, 0.01623416, 0.06405919, 0.04015702, 0.06905754, 0.02403194, 0.06048902, 0.09526168, 0.06318450, 0.02297861, 0.04005287, 0.04675029, 0.06434307, 0.05299909, 0.01234424, 0.03494434, 0.06763211},
{0.08184029, 0.05209066, 0.04064301, 0.05958421, 0.01475588, 0.06513906, 0.03518835, 0.07969238, 0.02228911, 0.05953541, 0.09978016, 0.05352187, 0.02234260, 0.03695901, 0.04720410, 0.06253394, 0.05566900, 0.00984691, 0.02792743, 0.07345660},
},{
{0.09859452, 0.05648333, 0.03618028, 0.05355094, 0.01238411, 0.06632474, 0.03914212, 0.07582729, 0.02228137, 0.05721395, 0.10117606, 0.05425954, 0.02233128, 0.03615252, 0.04565038, 0.06126579, 0.05137655, 0.01079671, 0.02707751, 0.07193100},
{0.08438004, 0.06634023, 0.03820030, 0.05442941, 0.01375040, 0.07044891, 0.04015394, 0.07165875, 0.02440134, 0.05484679, 0.09878456, 0.05620447, 0.02147695, 0.03654850, 0.04591471, 0.06299347, 0.05165531, 0.01097296, 0.02910021, 0.06773874},
{0.07375790, 0.04995331, 0.05320717, 0.05428185, 0.01418682, 0.06459799, 0.04046270, 0.06019496, 0.02296536, 0.06715388, 0.09747777, 0.05996217, 0.02146207, 0.04189043, 0.04382258, 0.06800695, 0.05476459, 0.01124264, 0.03174682, 0.06886202},
{0.08281962, 0.05581417, 0.03746581, 0.05607749, 0.01393543, 0.07006950, 0.03743840, 0.06501591, 0.02222301, 0.06370227, 0.10091818, 0.05533678, 0.02332629, 0.04024002, 0.04321166, 0.06146380, 0.05326237, 0.01172506, 0.03166535, 0.07428890},
{0.07377726, 0.05469042, 0.04179925, 0.05450469, 0.02970326, 0.06358419, 0.03714557, 0.07632709, 0.02569494, 0.05430414, 0.08958815, 0.05821882, 0.02081378, 0.03685293, 0.05051237, 0.06931048, 0.05442705, 0.01185758, 0.03054254, 0.06634550},
{0.08439428, 0.05514814, 0.03689691, 0.05464211, 0.01372393, 0.07771451, 0.03883541, 0.06127724, 0.02135369, 0.06387010, 0.10642072, 0.06050264, 0.02218647, 0.04045369, 0.04152702, 0.05915420, 0.04921448, 0.01064032, 0.03122156, 0.07082258},
{0.08368142, 0.05545708, 0.03925066, 0.05043978, 0.01308890, 0.06840897, 0.05176244, 0.06295238, 0.02342606, 0.05886193, 0.10343285, 0.05690674, 0.02228690, 0.03870015, 0.04609697, 0.06422101, 0.05180262, 0.01154255, 0.03009792, 0.06758265},
{0.08453527, 0.05383504, 0.03670117, 0.05442953, 0.01441635, 0.06107197, 0.03542337, 0.08022867, 0.02262749, 0.06199894, 0.09641316, 0.04835486, 0.02358162, 0.03990270, 0.04733304, 0.06383009, 0.05547007, 0.01161627, 0.02949684, 0.07873355},
{0.08070606, 0.05521671, 0.03940884, 0.05557703, 0.01446751, 0.06481047, 0.04104962, 0.06836887, 0.03028340, 0.05752648, 0.09444963, 0.05374831, 0.02099006, 0.03844814, 0.05026089, 0.06644040, 0.05691974, 0.01213652, 0.03038598, 0.06880535},
{0.07793271, 0.05254159, 0.04723835, 0.05873779, 0.01299882, 0.06990989, 0.03766216, 0.07886139, 0.02238292, 0.06036861, 0.08837294, 0.06431239, 0.02094582, 0.03879564, 0.04710917, 0.06639618, 0.05307847, 0.00972182, 0.02847522, 0.06415812},
{0.08331963, 0.05689895, 0.04164621, 0.05637242, 0.01316471, 0.06972685, 0.04170142, 0.07395306, 0.02265863, 0.05775839, 0.09436578, 0.05971254, 0.02059803, 0.03801030, 0.04844413, 0.06544308, 0.05176402, 0.01057584, 0.02824869, 0.06563733},
{0.07576265, 0.05385248, 0.04375220, 0.05380092, 0.01306691, 0.07267009, 0.03834413, 0.06242504, 0.02139798, 0.06501832, 0.09709042, 0.07337371, 0.02138130, 0.03915417, 0.04189007, 0.06388121, 0.05166864, 0.01036985, 0.03163069, 0.06946922},
{0.08473704, 0.05568878, 0.04072479, 0.05391044, 0.01321250, 0.06976783, 0.03985451, 0.07718122, 0.02324293, 0.05750590, 0.09351787, 0.05740696, 0.02557859, 0.03944659, 0.04636382, 0.06461279, 0.05157802, 0.01071179, 0.02814244, 0.06681520},
{0.07572771, 0.05254012, 0.04537057, 0.05821011, 0.01416105, 0.06633074, 0.03772591, 0.07390919, 0.02434293, 0.05834353, 0.09262617, 0.05920846, 0.02133729, 0.04338154, 0.04934849, 0.06677659, 0.05344673, 0.01146644, 0.03101685, 0.06472956},
{0.08559752, 0.05484211, 0.03557313, 0.05157674, 0.01397020, 0.06479695, 0.03959979, 0.06914754, 0.02311981, 0.05650914, 0.09444967, 0.05136177, 0.02101326, 0.03727645, 0.06302346, 0.06944215, 0.05517929, 0.01201551, 0.03017451, 0.07133100},
{0.07854032, 0.05297147, 0.04146692, 0.05282375, 0.01465510, 0.06470234, 0.04019607, 0.06582217, 0.02272554, 0.05884037, 0.09871024, 0.05597174, 0.02158163, 0.03890890, 0.04953076, 0.07838716, 0.05629069, 0.01129464, 0.02917427, 0.06740593},
{0.08339662, 0.05428995, 0.04037901, 0.05471713, 0.01357358, 0.06652749, 0.03837399, 0.06978542, 0.02281643, 0.05910823, 0.09694349, 0.05612174, 0.02190109, 0.03832615, 0.04704959, 0.06834754, 0.05916588, 0.01084446, 0.02935787, 0.06897435},
{0.07787016, 0.05492934, 0.04106082, 0.05605623, 0.01542785, 0.06440946, 0.04272999, 0.07702548, 0.02399138, 0.05384283, 0.09533461, 0.05584937, 0.02120862, 0.04201238, 0.05316708, 0.06525118, 0.05253320, 0.01421575, 0.03036170, 0.06272256},
{0.07399597, 0.05457649, 0.04613783, 0.06080957, 0.01527770, 0.06928650, 0.03965552, 0.07379526, 0.02428332, 0.05824598, 0.08919602, 0.06189807, 0.02019722, 0.04055265, 0.04703332, 0.06582156, 0.05196199, 0.01105718, 0.03352096, 0.06269687},
{0.08611906, 0.05612432, 0.04151228, 0.05983664, 0.01294552, 0.06965761, 0.03786788, 0.08338714, 0.02245060, 0.05361096, 0.08820185, 0.05847899, 0.02098930, 0.03606648, 0.04892028, 0.06507418, 0.05345306, 0.01010909, 0.02698205, 0.06821270},
},{
{0.09836369, 0.05722959, 0.03692690, 0.05434357, 0.01210645, 0.06803518, 0.03956641, 0.07466451, 0.02216074, 0.05534275, 0.09765206, 0.05512778, 0.02183111, 0.03616132, 0.04835937, 0.06238575, 0.05274383, 0.01007057, 0.02635687, 0.07057157},
{0.08515602, 0.06458684, 0.03692254, 0.05424135, 0.01376729, 0.06868419, 0.03854239, 0.07341929, 0.02320225, 0.05704057, 0.09787150, 0.05509039, 0.02169157, 0.03767612, 0.04863479, 0.06303190, 0.05074358, 0.01116241, 0.02860027, 0.06993474},
{0.07543127, 0.04852770, 0.05386477, 0.05438684, 0.01411892, 0.06480293, 0.03879698, 0.06442524, 0.02189681, 0.06647322, 0.09661305, 0.06082608, 0.02138086, 0.04169375, 0.04293033, 0.06760827, 0.05363188, 0.01087628, 0.03208107, 0.06963375},
{0.08106255, 0.05634278, 0.03887222, 0.05985040, 0.01389412, 0.06959611, 0.03832335, 0.06773580, 0.02186331, 0.06335900, 0.09970692, 0.05625145, 0.02140156, 0.04036721, 0.04388795, 0.06165208, 0.05169747, 0.01129953, 0.03114737, 0.07168882},
{0.07785623, 0.05436466, 0.04192586, 0.05445087, 0.03011434, 0.06422294, 0.03805487, 0.07524567, 0.02461507, 0.05070160, 0.08764234, 0.05525838, 0.02096137, 0.03898332, 0.05327237, 0.07030736, 0.05427728, 0.01233894, 0.03209567, 0.06331088},
{0.08150421, 0.05631406, 0.03816485, 0.05506730, 0.01331313, 0.07700728, 0.03899133, 0.06623959, 0.02139197, 0.06328086, 0.10385181, 0.06151476, 0.02199524, 0.03871462, 0.04303517, 0.05972102, 0.04906377, 0.01058239, 0.02895026, 0.07129639},
{0.08212826, 0.05618063, 0.03939577, 0.05102471, 0.01387711, 0.06711336, 0.05192916, 0.06687040, 0.02362292, 0.05874651, 0.10377533, 0.05650438, 0.02185105, 0.03802805, 0.04720345, 0.06316205, 0.05110400, 0.01155650, 0.02928697, 0.06663939},
{0.08748443, 0.05354137, 0.03607074, 0.05373361, 0.01532521, 0.06190776, 0.03593612, 0.08349657, 0.02253247, 0.06097481, 0.09459725, 0.05178422, 0.02300083, 0.03809156, 0.04630078, 0.06407097, 0.05449167, 0.01170842, 0.02891719, 0.07603401},
{0.07902071, 0.05590519, 0.04120659, 0.05292071, 0.01620982, 0.06477751, 0.03978522, 0.07104292, 0.02835057, 0.05869912, 0.09734196, 0.05273558, 0.02231510, 0.03999747, 0.04841133, 0.06504636, 0.05298109, 0.01204759, 0.03213382, 0.06907134},
{0.07879265, 0.05322916, 0.04609343, 0.05802353, 0.01229117, 0.07121694, 0.03831582, 0.07314150, 0.02335166, 0.06108750, 0.09174961, 0.06396876, 0.02093593, 0.03871199, 0.04434168, 0.06497899, 0.05342279, 0.01000371, 0.02973415, 0.06660902},
{0.08331392, 0.05640157, 0.04159018, 0.05765640, 0.01266291, 0.07115816, 0.04180161, 0.06896209, 0.02374085, 0.05757457, 0.09641024, 0.05913819, 0.02092457, 0.03718698, 0.04669615, 0.06587097, 0.05275929, 0.01084853, 0.02846190, 0.06684092},
{0.07615101, 0.05278709, 0.04196647, 0.05350494, 0.01372674, 0.07137813, 0.03765634, 0.06662156, 0.02149075, 0.06595673, 0.09758119, 0.07110076, 0.02143886, 0.04093814, 0.04202308, 0.06235681, 0.05025229, 0.01047683, 0.03204522, 0.07054706},
{0.08312867, 0.05693814, 0.04280029, 0.05491689, 0.01279781, 0.07004733, 0.03902663, 0.07424255, 0.02304038, 0.05764522, 0.09331230, 0.05973263, 0.02504224, 0.03775474, 0.04585245, 0.06390597, 0.05248476, 0.01021124, 0.03064938, 0.06647040},
{0.07698593, 0.05430109, 0.04457461, 0.05711173, 0.01320475, 0.06715404, 0.03940928, 0.07049469, 0.02375572, 0.05900293, 0.09350149, 0.05900307, 0.02185700, 0.04258442, 0.04770736, 0.06766299, 0.05346669, 0.01191718, 0.03081044, 0.06549459},
{0.08304690, 0.05375246, 0.03547069, 0.05251655, 0.01535524, 0.06127175, 0.03836118, 0.06768174, 0.02322554, 0.05755443, 0.09852193, 0.04957336, 0.02242859, 0.04030517, 0.06287624, 0.06829992, 0.05682000, 0.01253879, 0.02976364, 0.07063588},
{0.07954009, 0.05409805, 0.04175491, 0.05215186, 0.01418100, 0.06425498, 0.04020366, 0.06753170, 0.02224562, 0.05837756, 0.09759880, 0.05668135, 0.02161618, 0.03929966, 0.04907714, 0.08035018, 0.05576770, 0.01078035, 0.02887171, 0.06561750},
{0.08517371, 0.05329115, 0.04094639, 0.05379698, 0.01380130, 0.06680042, 0.03934944, 0.07004546, 0.02292325, 0.05831449, 0.09476379, 0.05647110, 0.02257168, 0.03841693, 0.04798932, 0.06785080, 0.05931544, 0.01061670, 0.02954678, 0.06801486},
{0.07881673, 0.05464235, 0.03969791, 0.05632639, 0.01483256, 0.06613788, 0.03926766, 0.07412339, 0.02563516, 0.05276856, 0.09602479, 0.05249356, 0.02207487, 0.04231687, 0.05269562, 0.06407041, 0.05511548, 0.01616669, 0.03220080, 0.06459233},
{0.07437788, 0.05476663, 0.04454256, 0.05795676, 0.01432032, 0.06966661, 0.04066579, 0.06992254, 0.02402958, 0.05944877, 0.09150360, 0.06133321, 0.02107927, 0.03951526, 0.04831767, 0.06514165, 0.05299834, 0.01184688, 0.03356315, 0.06500352},
{0.08445017, 0.05564989, 0.04143197, 0.05806725, 0.01294750, 0.06932268, 0.03776652, 0.08010158, 0.02338718, 0.05526610, 0.09053400, 0.05714558, 0.02091823, 0.03680293, 0.04761860, 0.06522597, 0.05493429, 0.01012090, 0.02858477, 0.06972388},
},{
{0.09889437, 0.05633364, 0.03632476, 0.05477912, 0.01218172, 0.06625390, 0.03963902, 0.07640414, 0.02222365, 0.05605175, 0.09770121, 0.05320233, 0.02166123, 0.03644668, 0.04807159, 0.06215283, 0.05294988, 0.01061470, 0.02628133, 0.07183216},
{0.08415130, 0.06740800, 0.03733012, 0.05626551, 0.01346344, 0.06978742, 0.04140113, 0.07387870, 0.02301570, 0.05548494, 0.09529760, 0.05666642, 0.02086885, 0.03616480, 0.04810196, 0.06213984, 0.04948155, 0.01140630, 0.02834369, 0.06934273},
{0.07388505, 0.04939200, 0.05435893, 0.05617898, 0.01432676, 0.06740026, 0.03938585, 0.06535896, 0.02242779, 0.06416618, 0.09471710, 0.06145674, 0.02168883, 0.04003709, 0.04276503, 0.06889895, 0.05385879, 0.01087370, 0.03155133, 0.06727166},
{0.08373164, 0.05703848, 0.04140611, 0.06290924, 0.01322606, 0.07352408, 0.03855649, 0.06642589, 0.02266800, 0.05996965, 0.09234463, 0.05952839, 0.02095154, 0.03818249, 0.04392373, 0.06474995, 0.05293607, 0.01070257, 0.02928921, 0.06793577},
{0.07260380, 0.05451624, 0.04027468, 0.05068349, 0.03171048, 0.05772528, 0.03658548, 0.07157404, 0.02661549, 0.05483453, 0.09483109, 0.05394518, 0.02215474, 0.04651723, 0.04916575, 0.06924771, 0.05300904, 0.01269145, 0.03404071, 0.06727360},
{0.08149890, 0.06054667, 0.04091221, 0.06100896, 0.01213702, 0.08774368, 0.04332721, 0.06373258, 0.02125543, 0.05680233, 0.08885701, 0.06865975, 0.01993638, 0.03548218, 0.04424510, 0.06265903, 0.04947124, 0.00958078, 0.02681865, 0.06532486},
{0.08142224, 0.05707831, 0.04241148, 0.05563464, 0.01292043, 0.07130298, 0.05508791, 0.06580208, 0.02331896, 0.05536992, 0.09318581, 0.05902561, 0.02144960, 0.03579188, 0.04735495, 0.06644596, 0.05217313, 0.01071746, 0.02836590, 0.06514076},
{0.09121778, 0.05378590, 0.03748111, 0.05422029, 0.01426294, 0.06242273, 0.03522187, 0.08235233, 0.02261275, 0.05857209, 0.09243480, 0.04998275, 0.02220180, 0.03832953, 0.04892086, 0.06679338, 0.05653070, 0.01109038, 0.02819762, 0.07336839},
{0.08182299, 0.05720756, 0.04028109, 0.05578991, 0.01459540, 0.06654011, 0.04139568, 0.07022446, 0.02756630, 0.05714105, 0.09663914, 0.05437296, 0.02288411, 0.03893961, 0.04848018, 0.06394537, 0.05165203, 0.01147142, 0.03063486, 0.06841577},
{0.07674410, 0.05156521, 0.04338070, 0.05436606, 0.01285495, 0.06576637, 0.03530170, 0.07532136, 0.02274665, 0.06694446, 0.09777057, 0.06122326, 0.02235414, 0.04042218, 0.04475999, 0.06430729, 0.05407088, 0.01021433, 0.03134367, 0.06854214},
{0.08207779, 0.05490676, 0.03884137, 0.05240877, 0.01363166, 0.06523560, 0.03894627, 0.06948465, 0.02441120, 0.06048638, 0.10713967, 0.05454092, 0.02165684, 0.04082261, 0.04614341, 0.06395573, 0.05218467, 0.01135463, 0.03092181, 0.07084927},
{0.07399569, 0.05377332, 0.04507383, 0.05793973, 0.01362596, 0.07666738, 0.03923314, 0.06572301, 0.02081618, 0.06276547, 0.09043485, 0.07565544, 0.01991149, 0.03834818, 0.04329485, 0.06440567, 0.05121219, 0.00985549, 0.02939266, 0.06787546},
{0.08161850, 0.05279460, 0.04011597, 0.05271721, 0.01386263, 0.06647856, 0.03865725, 0.07285420, 0.02428225, 0.06060408, 0.10201305, 0.05486772, 0.02637030, 0.04060445, 0.04638013, 0.06260405, 0.05346971, 0.01030092, 0.03031697, 0.06908744},
{0.07708951, 0.05074616, 0.04156377, 0.05306330, 0.01497112, 0.06427128, 0.03666235, 0.06927685, 0.02363317, 0.06206429, 0.10219796, 0.05738665, 0.02288556, 0.04488395, 0.04634472, 0.06428202, 0.05262396, 0.01240232, 0.03432444, 0.06932663},
{0.08376851, 0.05502501, 0.03612350, 0.05235456, 0.01474153, 0.06480621, 0.04119058, 0.07281961, 0.02302990, 0.05682759, 0.09503991, 0.05206227, 0.02149658, 0.03694747, 0.06055340, 0.06852541, 0.05489683, 0.01231388, 0.02838437, 0.06909289},
{0.07947618, 0.05395579, 0.04191642, 0.05316243, 0.01417339, 0.06393872, 0.03970680, 0.06639688, 0.02211652, 0.05946672, 0.09776107, 0.05514642, 0.02139875, 0.03926676, 0.04895267, 0.07908568, 0.05582651, 0.01089574, 0.02929975, 0.06805681},
{0.08648248, 0.05274844, 0.04114958, 0.05314768, 0.01428755, 0.06494196, 0.03857073, 0.07088109, 0.02306806, 0.05855651, 0.09792157, 0.05513329, 0.02274309, 0.03849373, 0.04694745, 0.06796857, 0.05850962, 0.01088151, 0.02974616, 0.06782094},
{0.08131653, 0.05357122, 0.03890838, 0.05230180, 0.01831093, 0.06293907, 0.03746107, 0.07077535, 0.02362710, 0.05750365, 0.10233038, 0.05375404, 0.02311756, 0.04201884, 0.04891489, 0.06132668, 0.04975952, 0.01860857, 0.03445360, 0.06900083},
{0.07318186, 0.05280500, 0.04452471, 0.05547942, 0.01441860, 0.06697224, 0.03836330, 0.07011106, 0.02369426, 0.06137828, 0.09622342, 0.06063317, 0.02271374, 0.04130943, 0.04659611, 0.06398522, 0.05282205, 0.01250377, 0.03589661, 0.06638774},
{0.08439799, 0.05472642, 0.03980029, 0.05441671, 0.01290136, 0.06551551, 0.03666213, 0.08000549, 0.02301235, 0.05876621, 0.09617933, 0.05671818, 0.02247958, 0.03837712, 0.04906467, 0.06173156, 0.05456009, 0.01046877, 0.02868284, 0.07153340},
},{
{0.09835309, 0.05639008, 0.03638917, 0.05389464, 0.01280851, 0.06706847, 0.03880487, 0.07503711, 0.02267295, 0.05700464, 0.09776797, 0.05348958, 0.02132624, 0.03664082, 0.04761008, 0.06166622, 0.05204353, 0.01081605, 0.02705213, 0.07316386},
{0.08523290, 0.06652785, 0.03751139, 0.05587730, 0.01357251, 0.07031265, 0.04134105, 0.06944540, 0.02332702, 0.05487987, 0.09656310, 0.05601111, 0.02171988, 0.03672947, 0.04718429, 0.06323540, 0.05151620, 0.01072049, 0.02867223, 0.06961987},
{0.07480895, 0.05128696, 0.05450366, 0.05575737, 0.01491018, 0.06670444, 0.03909697, 0.06529641, 0.02227906, 0.06313836, 0.09467193, 0.06088672, 0.02187603, 0.03936100, 0.04392408, 0.06886434, 0.05469193, 0.01073297, 0.03167723, 0.06553141},
{0.08427483, 0.05596777, 0.04069955, 0.06179406, 0.01327928, 0.07284582, 0.03873313, 0.06737797, 0.02290434, 0.05935619, 0.09568817, 0.05729105, 0.02155049, 0.03718391, 0.04390659, 0.06467136, 0.05290644, 0.01063946, 0.02964289, 0.06928670},
{0.07565859, 0.05396400, 0.04145130, 0.05468134, 0.02560856, 0.06166322, 0.03758842, 0.07333922, 0.02597289, 0.05585311, 0.09307019, 0.05503084, 0.02140203, 0.03942761, 0.05105641, 0.07223961, 0.05399404, 0.01211366, 0.03067948, 0.06520546},
{0.08232366, 0.05719210, 0.04024178, 0.05937068, 0.01335515, 0.08349897, 0.04140194, 0.06363159, 0.02231021, 0.05825766, 0.09413477, 0.06414715, 0.02110259, 0.03546899, 0.04318788, 0.06215615, 0.05166216, 0.01005628, 0.02937612, 0.06712419},
{0.08218703, 0.05607412, 0.04154398, 0.05418415, 0.01335759, 0.07052850, 0.05322681, 0.06380036, 0.02294690, 0.05584614, 0.09699442, 0.05906445, 0.02155310, 0.03656129, 0.04717643, 0.06650795, 0.05256374, 0.01104790, 0.02849892, 0.06633624},
{0.08758114, 0.05588333, 0.03848246, 0.05429203, 0.01421842, 0.06383103, 0.03637142, 0.08064556, 0.02277182, 0.05825492, 0.09556168, 0.05181813, 0.02287030, 0.03767506, 0.04931936, 0.06444781, 0.05517938, 0.01165923, 0.02837076, 0.07076615},
{0.08356202, 0.05620348, 0.03851346, 0.05717538, 0.01757088, 0.06551863, 0.04059810, 0.07312139, 0.02733967, 0.05645636, 0.09516538, 0.05599919, 0.02246318, 0.03862009, 0.04768472, 0.06440094, 0.05277210, 0.01090511, 0.03011100, 0.06581893},
{0.07714982, 0.05096627, 0.04396126, 0.05474487, 0.01305861, 0.06649260, 0.03667674, 0.07433533, 0.02286220, 0.06699411, 0.09612436, 0.06143129, 0.02199094, 0.04136422, 0.04509867, 0.06368430, 0.05350133, 0.01047875, 0.03027557, 0.06880877},
{0.08065407, 0.05465274, 0.03931148, 0.05305145, 0.01322022, 0.06693362, 0.03958580, 0.07250018, 0.02301530, 0.06112489, 0.10325077, 0.05609286, 0.02126934, 0.04042294, 0.04745460, 0.06401389, 0.05137941, 0.01112457, 0.02901947, 0.07192241},
{0.07516377, 0.05345379, 0.04396709, 0.05732127, 0.01318743, 0.07554518, 0.03942020, 0.06520505, 0.02122946, 0.06261482, 0.09190095, 0.07439084, 0.02095292, 0.03864009, 0.04300898, 0.06527317, 0.05185455, 0.00977968, 0.03010744, 0.06698333},
{0.08288378, 0.05440086, 0.04027159, 0.05242932, 0.01274020, 0.06464084, 0.03831698, 0.07393725, 0.02314702, 0.06260081, 0.09741075, 0.05650887, 0.02533522, 0.04103710, 0.04636004, 0.06390247, 0.05214020, 0.01083042, 0.03088802, 0.07021828},
{0.07661981, 0.05184292, 0.04141083, 0.05383991, 0.01401686, 0.06222761, 0.03683161, 0.07112711, 0.02326828, 0.06325608, 0.10067460, 0.05640891, 0.02270116, 0.04645419, 0.04669531, 0.06464845, 0.05330526, 0.01216287, 0.03266465, 0.06984359},
{0.08503368, 0.05554494, 0.03863606, 0.05405963, 0.01431649, 0.06596810, 0.04101329, 0.07200660, 0.02295308, 0.05387867, 0.09270253, 0.05474709, 0.02139742, 0.03773730, 0.05974579, 0.06842309, 0.05509727, 0.01120539, 0.02861085, 0.06692273},
{0.08019835, 0.05350465, 0.04169867, 0.05312931, 0.01460598, 0.06514130, 0.03964902, 0.06779421, 0.02222342, 0.05783996, 0.09734279, 0.05629411, 0.02111100, 0.03897308, 0.04867502, 0.07953494, 0.05529416, 0.01099359, 0.02897515, 0.06702129},
{0.08493307, 0.05419348, 0.04034261, 0.05302043, 0.01353388, 0.06426426, 0.03917249, 0.07198349, 0.02291432, 0.05922266, 0.09655267, 0.05640375, 0.02200757, 0.03874906, 0.04692949, 0.06692533, 0.05823310, 0.01111830, 0.03038897, 0.06911106},
{0.07993254, 0.05740722, 0.03787923, 0.05249022, 0.01581682, 0.06151179, 0.03825045, 0.07199061, 0.02506910, 0.05850657, 0.09988252, 0.05396720, 0.02179521, 0.04276468, 0.05287031, 0.06271861, 0.05040195, 0.01696449, 0.03243474, 0.06734573},
{0.07475627, 0.05446654, 0.04388927, 0.05666043, 0.01443735, 0.06560123, 0.03778854, 0.07188868, 0.02462210, 0.06142531, 0.09335651, 0.05927471, 0.02278809, 0.04232928, 0.04748851, 0.06381234, 0.05273451, 0.01223411, 0.03413298, 0.06631327},
{0.08428261, 0.05489175, 0.03986256, 0.05540168, 0.01301895, 0.06683018, 0.03717225, 0.07924913, 0.02285942, 0.05861340, 0.09530412, 0.05614278, 0.02151903, 0.03814077, 0.04802917, 0.06308028, 0.05365335, 0.01094916, 0.02969172, 0.07130768},
},{
{0.09520745, 0.05703538, 0.03661428, 0.05406102, 0.01245740, 0.06607979, 0.03859844, 0.07624215, 0.02226012, 0.05717374, 0.09804331, 0.05470377, 0.02139591, 0.03644685, 0.04832875, 0.06150359, 0.05294739, 0.01080432, 0.02710074, 0.07299562},
{0.08517491, 0.06492455, 0.03773502, 0.05489375, 0.01365094, 0.06980010, 0.04006127, 0.07147352, 0.02364608, 0.05566473, 0.09676529, 0.05578640, 0.02110569, 0.03702645, 0.04821488, 0.06325358, 0.05118191, 0.01107039, 0.02875753, 0.06981303},
{0.07364978, 0.05035021, 0.05383711, 0.05643231, 0.01419779, 0.06650435, 0.04019642, 0.06742334, 0.02336588, 0.06310546, 0.09562212, 0.06217302, 0.02122644, 0.03896133, 0.04373578, 0.06894071, 0.05474452, 0.01051769, 0.03063554, 0.06438023},
{0.08402593, 0.05685639, 0.04098170, 0.05964197, 0.01349794, 0.07192994, 0.03881467, 0.07084760, 0.02300453, 0.05809613, 0.09492037, 0.05853789, 0.02139434, 0.03755445, 0.04441973, 0.06390719, 0.05260067, 0.01042526, 0.03045369, 0.06808963},
{0.07511642, 0.05720230, 0.04161639, 0.05509684, 0.02746338, 0.06463128, 0.03945827, 0.07109355, 0.02564115, 0.05364522, 0.09254563, 0.05761660, 0.02099409, 0.03833122, 0.04842859, 0.06881137, 0.05273937, 0.01306186, 0.03133411, 0.06517237},
