Lag1:
0.10438265 0.05646675 0.03442723 0.05362554 0.01278411 0.06793721 0.03976218 0.07529296 0.02090862 0.05702050 0.10268269 0.05481552 0.02342841 0.03594968 0.04175925 0.06112034 0.05096462 0.01017769 0.02570747 0.07078656
0.07991379 0.06899702 0.03846615 0.05516335 0.01322290 0.07134858 0.04221949 0.06620613 0.02488285 0.05876172 0.09874269 0.05677977 0.02233371 0.04108841 0.04460804 0.05971585 0.04740203 0.01149142 0.03140800 0.06724810
0.07368307 0.04861604 0.05539080 0.05023842 0.01417183 0.06077285 0.03850087 0.07034517 0.02204996 0.06770072 0.09418524 0.05912649 0.02173044 0.04072513 0.05570742 0.06517921 0.05070999 0.01167391 0.03283277 0.06665967
0.08153773 0.05068848 0.03750182 0.05748198 0.01315809 0.07344535 0.03260728 0.07094029 0.02077423 0.06668946 0.09972857 0.05416721 0.02177444 0.04352993 0.04717000 0.06013661 0.04858105 0.01290091 0.03425966 0.07292692
0.06823294 0.05660483 0.04098493 0.05443800 0.02287142 0.05824765 0.03897511 0.08862157 0.02811543 0.05297927 0.09156881 0.05147413 0.01804352 0.04059898 0.05442176 0.07457951 0.05131982 0.01243675 0.03225225 0.06323333
0.08593502 0.05920554 0.04364511 0.05505700 0.01145422 0.08515268 0.04229235 0.06172009 0.02127570 0.06414272 0.09699477 0.07016126 0.02385115 0.03467601 0.03506804 0.05288853 0.05029475 0.01027009 0.02712797 0.06878702
0.08868968 0.06038296 0.03900926 0.04578826 0.01263633 0.06649499 0.06068031 0.06401513 0.02439677 0.05788789 0.10132221 0.05804532 0.02336630 0.03558805 0.04737416 0.05760412 0.04979208 0.01157557 0.02805380 0.06729684
0.07904543 0.05644035 0.03634158 0.05312728 0.01440317 0.06283086 0.03657684 0.08075291 0.02434200 0.06235286 0.09176389 0.06204245 0.02374292 0.04178777 0.03866695 0.06549376 0.05440988 0.01221221 0.03153778 0.07212911
0.07330643 0.05725161 0.03833679 0.04664816 0.01691689 0.05318279 0.04196184 0.07617345 0.03308697 0.06047614 0.10301409 0.04643680 0.02016643 0.04468927 0.06092413 0.06477597 0.05189237 0.01187259 0.03484174 0.06404554
0.08375860 0.05228315 0.04545494 0.06290495 0.01485660 0.07026916 0.03551537 0.06952935 0.02247482 0.06069363 0.08883910 0.05888182 0.01897748 0.03698155 0.04878357 0.06766907 0.05680364 0.00936621 0.02931495 0.06664203
0.08769780 0.05789727 0.04095522 0.05643622 0.01367102 0.06767059 0.04051408 0.06876507 0.02327528 0.05323606 0.09697569 0.05955543 0.02056838 0.03702603 0.05114363 0.06937311 0.05427781 0.01001823 0.02641839 0.06452471
0.08026690 0.05621895 0.04600635 0.05567856 0.01153918 0.07850436 0.03966495 0.06267749 0.02084513 0.06198970 0.09201919 0.07519656 0.02132250 0.03241169 0.04410439 0.05982869 0.05407196 0.00958329 0.03055893 0.06751123
0.08902781 0.05460517 0.04209484 0.05606142 0.01225800 0.06589554 0.03960067 0.07368737 0.02240217 0.05635272 0.09657939 0.05931874 0.02770895 0.03523981 0.04834951 0.06075476 0.05335931 0.00867361 0.02582377 0.07220645
0.07441168 0.04926864 0.04321328 0.06229709 0.01686577 0.06267926 0.03505467 0.07537340 0.02380359 0.05988886 0.09464864 0.05258077 0.02048150 0.04330512 0.04347884 0.07516648 0.05591212 0.01192413 0.03276484 0.06688132
0.08116507 0.04809139 0.03717550 0.05513884 0.01230649 0.07721748 0.04055847 0.07668355 0.02324865 0.05044907 0.09058855 0.04955209 0.01970182 0.03910343 0.05817484 0.07063375 0.05418614 0.01130023 0.03000292 0.07472176
0.07416702 0.05319717 0.04019115 0.05230814 0.01466565 0.05936472 0.03904051 0.07714688 0.02316268 0.05640554 0.09729252 0.05373076 0.02076006 0.04090594 0.05031611 0.08587202 0.05519099 0.01153484 0.02924729 0.06550000
0.08113424 0.04954410 0.03782363 0.05204352 0.01441750 0.05942313 0.03533585 0.07814586 0.02264407 0.05968086 0.10156845 0.04967317 0.02039958 0.03943002 0.05739843 0.06743082 0.06009064 0.01122248 0.02810286 0.07449078
0.07138190 0.06056690 0.04550734 0.05619166 0.01551791 0.05821520 0.04861775 0.06378800 0.02488473 0.05819814 0.11068500 0.05676605 0.02495348 0.04226723 0.03861510 0.06274795 0.04983090 0.01578317 0.03096804 0.06451355
0.07089977 0.05821585 0.04376672 0.05818789 0.01648681 0.06168817 0.04247586 0.07552500 0.02517615 0.05719310 0.09689662 0.05285597 0.01960569 0.04471431 0.04519174 0.06609265 0.05255644 0.01230561 0.03505197 0.06511366
0.08554054 0.05352028 0.03956828 0.05878540 0.01434355 0.06958605 0.03450808 0.06661995 0.02084347 0.06087019 0.09536673 0.05667130 0.02210184 0.03752053 0.04781679 0.06535973 0.05767848 0.01023263 0.02729457 0.07577162
Lag2:
0.10470375 0.06006275 0.03505971 0.04925717 0.01307493 0.06708992 0.03991323 0.07516511 0.02177516 0.05769221 0.10062848 0.05626579 0.02264245 0.03550408 0.04184418 0.06034300 0.05042364 0.00996873 0.02698627 0.07159941
0.08535622 0.06898184 0.03491146 0.04704804 0.01343047 0.06241563 0.03945198 0.07441374 0.02475833 0.06049721 0.10868159 0.05467956 0.02318613 0.03995499 0.04362690 0.05820825 0.04761868 0.01261952 0.03060602 0.06955345
0.06868335 0.04807683 0.05539499 0.05538285 0.01335615 0.06316119 0.03812210 0.06063674 0.02196345 0.06844897 0.10113069 0.06070044 0.02102819 0.04185365 0.04777466 0.06730413 0.05673675 0.01108005 0.03237071 0.06679409
0.07978866 0.04899448 0.03868254 0.06102238 0.01299912 0.06942706 0.03546357 0.05892432 0.02047331 0.06924782 0.10597101 0.05424949 0.02192693 0.04111876 0.04475180 0.06323076 0.05071375 0.01114990 0.03146914 0.08039519
0.07585499 0.05450135 0.04443982 0.05330481 0.02495989 0.06396616 0.03895948 0.07270547 0.02545877 0.05582319 0.08698699 0.05796065 0.02045759 0.03949123 0.05037921 0.07087353 0.05202745 0.01131415 0.03024145 0.07029383
0.08341676 0.05244302 0.03469125 0.05101234 0.01352708 0.07663889 0.03742391 0.06736848 0.01934870 0.06861235 0.11218448 0.05913347 0.02482623 0.04141998 0.03926475 0.05499651 0.04775595 0.01089695 0.03054461 0.07449429
0.08186386 0.05621084 0.03703551 0.04589097 0.01307334 0.06432840 0.05529066 0.06513345 0.02314067 0.06339245 0.11426027 0.05444483 0.02358784 0.03912569 0.04487674 0.05953151 0.04735361 0.01153241 0.02950662 0.07042034
0.07956324 0.05377713 0.03696865 0.05482362 0.01420691 0.05732178 0.03311510 0.08463639 0.02119983 0.06163136 0.08931881 0.05360602 0.02237085 0.03786919 0.05432041 0.06759383 0.06034735 0.01102020 0.02968195 0.07662738
0.07590770 0.05493577 0.04004120 0.05973385 0.01463586 0.06154833 0.03923091 0.07342352 0.03239941 0.05910181 0.10239490 0.05017769 0.02104187 0.04128843 0.04944063 0.06292001 0.04943595 0.01216314 0.03067779 0.06950122
0.08329275 0.05645703 0.04826265 0.06111892 0.01307436 0.07470467 0.04105146 0.07355219 0.02383572 0.05341988 0.08087630 0.06282799 0.01936387 0.03658367 0.04588805 0.06796934 0.05628567 0.00954015 0.02840354 0.06349181
0.08645863 0.05913698 0.04418066 0.06140020 0.01323929 0.07731920 0.04427457 0.07138906 0.02406156 0.04995523 0.08834392 0.06303905 0.01964621 0.03492959 0.04745631 0.06666365 0.05072714 0.01051787 0.02662818 0.06063267
0.07637596 0.05294043 0.04106026 0.04809333 0.01299403 0.06539836 0.03699094 0.06834137 0.02130898 0.06965209 0.10531873 0.07186753 0.02294471 0.04198404 0.03978181 0.05951840 0.05082431 0.01117706 0.03312732 0.07030033
0.08400388 0.05821110 0.04083907 0.05779084 0.01352136 0.07497789 0.04273469 0.07167228 0.02392208 0.05405855 0.08914567 0.06059652 0.02560584 0.03962194 0.04421571 0.06265171 0.05108096 0.01104320 0.02977639 0.06453031
0.07577176 0.05488456 0.04749686 0.06180249 0.01466024 0.06912729 0.04130655 0.07413570 0.02519163 0.05397225 0.08496833 0.06089792 0.01986773 0.03987067 0.04954975 0.06845788 0.05397239 0.01127158 0.02976607 0.06302836
0.07962435 0.05021044 0.03605479 0.05224013 0.01414286 0.06112922 0.03801691 0.07412172 0.02477567 0.05632146 0.09323486 0.04827807 0.02195900 0.03960604 0.06742358 0.07089821 0.05892639 0.01225282 0.03036623 0.07041724
0.07706078 0.05110944 0.04091371 0.05323358 0.01446421 0.06437698 0.03735232 0.06942678 0.02174924 0.05916279 0.09929804 0.05342969 0.02099351 0.03981644 0.05054360 0.08499045 0.05539099 0.01139754 0.03010465 0.06518527
0.08317866 0.05318484 0.04072055 0.05471670 0.01348693 0.07127376 0.03763215 0.06802412 0.02282408 0.05723949 0.09386104 0.05707494 0.02103375 0.03794822 0.04948477 0.07029958 0.06373226 0.01053227 0.02823119 0.06552069
0.07621538 0.06024257 0.04365489 0.05911385 0.01587668 0.06838513 0.04407895 0.07183960 0.02463752 0.04994847 0.08790415 0.06176167 0.02133287 0.03915028 0.05145733 0.06503266 0.05226885 0.01650472 0.02931440 0.06128003
0.07293412 0.05614054 0.04701606 0.06083165 0.01667134 0.06547117 0.04133144 0.07109149 0.02667890 0.05697240 0.08961745 0.05995438 0.02036730 0.04014341 0.04884379 0.06504507 0.05348949 0.01152108 0.03315669 0.06272222
0.08983955 0.05566146 0.04070531 0.06080831 0.01395961 0.07199266 0.03735693 0.07632845 0.02245963 0.05446107 0.08672072 0.05582171 0.02082250 0.03708887 0.04589444 0.06524230 0.05420285 0.00977353 0.02711963 0.07374047
Lag3:
0.10378580 0.05801929 0.03617985 0.05245721 0.01264545 0.06725952 0.03953527 0.07337961 0.02229812 0.05776444 0.10013949 0.05328208 0.02225227 0.03607554 0.04558264 0.06045264 0.05139053 0.01013641 0.02681568 0.07054816
0.08572483 0.06838876 0.03639213 0.05626125 0.01231222 0.07096939 0.04145784 0.07284784 0.02248977 0.05519159 0.09830964 0.05668231 0.02168263 0.03796377 0.04425884 0.06337693 0.04951217 0.01103702 0.02810359 0.06703749
0.06830620 0.05165378 0.05554527 0.05452965 0.01313668 0.06305739 0.03801286 0.06365742 0.02174991 0.06710878 0.09759739 0.06394398 0.02030735 0.04166542 0.04354823 0.06750445 0.05504973 0.01103697 0.03263832 0.06995022
0.07919267 0.06073901 0.04057834 0.05834736 0.01213565 0.06868784 0.03600351 0.06673297 0.02178139 0.06326013 0.09300240 0.06510565 0.02017438 0.03874419 0.04232365 0.06236186 0.05632038 0.01080672 0.03029297 0.07340894
0.07403361 0.04731198 0.04139803 0.05153021 0.05303528 0.05476736 0.03369478 0.07516822 0.02597605 0.05631419 0.09587652 0.04816468 0.02151923 0.03953139 0.05098456 0.06674839 0.05380600 0.01211793 0.03195613 0.06606546
0.08316388 0.06768076 0.03882967 0.05788426 0.01148078 0.08488403 0.04281427 0.06336145 0.02009700 0.05611595 0.09036350 0.07661953 0.01941444 0.03515974 0.04286575 0.05976893 0.04857114 0.00979957 0.02712108 0.06400428
0.08275882 0.05814076 0.04034099 0.05388106 0.01265866 0.07236676 0.05685902 0.06436691 0.02304501 0.05701616 0.09764575 0.05847544 0.02090999 0.03673909 0.04624267 0.06480952 0.05019733 0.01093254 0.02790921 0.06470431
0.08340465 0.05152982 0.03414687 0.04818313 0.01406005 0.05559844 0.03214755 0.08456402 0.02331078 0.06485463 0.09520800 0.04871839 0.02196947 0.04170603 0.05131480 0.06430125 0.05753100 0.01098196 0.03071209 0.08575707
0.07487200 0.05797227 0.04246688 0.05469842 0.01571918 0.06530146 0.04102083 0.07049736 0.03243038 0.05581957 0.09356913 0.05291156 0.02132373 0.04031044 0.04992987 0.06640599 0.05508368 0.01181564 0.03119626 0.06665535
0.08294547 0.04775161 0.04572366 0.05670850 0.01373342 0.06526093 0.03597121 0.07763436 0.02312723 0.06536590 0.09987773 0.05568929 0.02281412 0.03981601 0.04319178 0.06398201 0.05338467 0.01081224 0.02988680 0.06632307
0.08725918 0.05408005 0.03972443 0.05334107 0.01407402 0.06766857 0.04028253 0.07064037 0.02436311 0.05846424 0.10864041 0.05564418 0.02330111 0.03908447 0.04429978 0.06393624 0.04992646 0.01143311 0.02980975 0.06402690
0.07377855 0.05348393 0.04389423 0.05781431 0.01146461 0.08176062 0.04137127 0.06610910 0.02035039 0.06229169 0.09306770 0.07699743 0.01925518 0.03814810 0.04254868 0.06315844 0.04918893 0.00952900 0.02900100 0.06678686
0.08780871 0.05244595 0.04080645 0.05462485 0.01439119 0.06479464 0.03770867 0.07308302 0.02366085 0.05808278 0.10046625 0.05328761 0.02798758 0.04031013 0.04284253 0.06391992 0.05221703 0.01165899 0.03111028 0.06879255
0.07685967 0.05090723 0.04391614 0.05780954 0.01401979 0.06524146 0.03718307 0.06996565 0.02443874 0.05838436 0.09916841 0.05494156 0.02396404 0.04489181 0.04862471 0.06710652 0.05257636 0.01309943 0.03222243 0.06467909
0.08105166 0.05554782 0.03386863 0.04945661 0.01458306 0.06282363 0.03992691 0.06629074 0.02235420 0.05902173 0.09298494 0.05200389 0.02126759 0.03789998 0.06809626 0.06883270 0.05769265 0.01176866 0.02908036 0.07544798
0.07592876 0.05217797 0.04314338 0.05701555 0.01379900 0.06906899 0.04083434 0.06852153 0.02262742 0.05554294 0.09184217 0.05504428 0.02027023 0.03839817 0.05143030 0.08321092 0.05635470 0.01082110 0.02908131 0.06488694
0.08138543 0.05213887 0.04244682 0.05683008 0.01362054 0.06868808 0.04148150 0.07310014 0.02320075 0.05716800 0.08917682 0.05400994 0.02099637 0.03778581 0.05031104 0.06933173 0.06059247 0.01093551 0.02891425 0.06788585
0.07739389 0.05712416 0.04330405 0.05839026 0.01375859 0.06541213 0.03922208 0.07581774 0.02446156 0.04912575 0.09332969 0.05307588 0.02235124 0.04252135 0.05347383 0.06574122 0.05006714 0.01671167 0.03220949 0.06650830
0.07200341 0.05263302 0.04533374 0.06001830 0.01406569 0.06760683 0.03972343 0.06842277 0.02372679 0.05938362 0.09331802 0.05843641 0.02291722 0.04116078 0.04927709 0.06664908 0.05273483 0.01165296 0.03552101 0.06541499
0.08900930 0.05007605 0.04025468 0.05717468 0.01389963 0.06463145 0.03518117 0.08072451 0.02305542 0.05872976 0.09638223 0.05204860 0.02316001 0.03711105 0.04674995 0.06454272 0.05473110 0.01081028 0.02857805 0.07314936
Lag4:
0.11492856 0.05685605 0.03393170 0.05146528 0.01247786 0.06468658 0.03756560 0.08119182 0.02179671 0.05386528 0.09686645 0.05223713 0.02097199 0.03517677 0.04545637 0.06149298 0.05069678 0.01047708 0.02709407 0.07076496
0.08273088 0.06783941 0.03626480 0.05586409 0.01289473 0.07879626 0.04158918 0.06877365 0.02249613 0.05723175 0.09651166 0.05525025 0.02131275 0.03602157 0.04791227 0.06264697 0.04959897 0.01106678 0.02797727 0.06722063
0.07318466 0.05092196 0.05538472 0.05259472 0.01334114 0.06466341 0.03973518 0.06189348 0.02254593 0.06689684 0.09251099 0.06242603 0.02182741 0.04106729 0.04260912 0.06967891 0.05554389 0.01144982 0.03244350 0.06928098
0.08496300 0.06014401 0.04105530 0.05802696 0.01287187 0.07134732 0.03920578 0.06136118 0.02204714 0.06223171 0.09390756 0.06027977 0.02115747 0.03995863 0.04306010 0.06199664 0.05151119 0.01119543 0.03090609 0.07277284
0.07179903 0.04897851 0.04324997 0.05309519 0.02838618 0.05776671 0.03619318 0.09188761 0.02707998 0.05428222 0.09497822 0.04997518 0.02157817 0.04743591 0.04751252 0.06751520 0.05153867 0.01243750 0.03161878 0.06269125
0.08319476 0.06562116 0.04001989 0.05560615 0.01114651 0.08407192 0.04529480 0.05834738 0.02175521 0.05624331 0.09272720 0.07544977 0.01940698 0.03506916 0.04206816 0.06107985 0.04987170 0.01007199 0.02820274 0.06475135
0.07982239 0.05564398 0.04205520 0.06103880 0.01186098 0.07812179 0.05673298 0.06166781 0.02365982 0.05487791 0.09534428 0.05808019 0.02073886 0.03605448 0.04573637 0.06427290 0.05134821 0.01205583 0.02753447 0.06335277
0.08979173 0.05574630 0.03599720 0.05244866 0.01387831 0.05985552 0.03429907 0.08424709 0.02206682 0.05855357 0.09273091 0.04832613 0.02087545 0.03974863 0.04957069 0.06727682 0.05679701 0.01113225 0.02999285 0.07666500
0.07533444 0.05415986 0.03871674 0.05366348 0.01440987 0.06472808 0.04142801 0.06693782 0.03476393 0.05889809 0.09895116 0.05465414 0.02274705 0.03908558 0.04938021 0.06437516 0.05399019 0.01105594 0.03035639 0.07236387
0.07453425 0.04982087 0.04521087 0.05663037 0.01468539 0.06373838 0.03554358 0.07362373 0.02328267 0.06771800 0.10190674 0.05974434 0.02388386 0.03998878 0.04296336 0.06332416 0.05505072 0.00995725 0.02935942 0.06903328
0.08017609 0.05241399 0.03969955 0.05499616 0.01458889 0.06462772 0.03930664 0.07818145 0.02302677 0.06000046 0.10680901 0.05357764 0.02278103 0.04031696 0.04799417 0.06271127 0.05046024 0.01078725 0.02984732 0.06769737
0.07341268 0.05125595 0.04256394 0.05934463 0.01304805 0.08657115 0.04004788 0.05964061 0.02033335 0.06439465 0.09148521 0.07529900 0.01974297 0.03789000 0.04249884 0.06386059 0.05184876 0.01017465 0.02931968 0.06726740
0.08197837 0.05215123 0.04087089 0.05528463 0.01397091 0.06574098 0.03873467 0.08157500 0.02411369 0.05858678 0.09858557 0.05430225 0.02816804 0.04105098 0.04510262 0.06209813 0.04983023 0.01134251 0.03028823 0.06622428
0.07216464 0.05017821 0.04323851 0.05597367 0.01686809 0.06071211 0.03650051 0.07316649 0.02441054 0.05840952 0.10060941 0.05630393 0.02358453 0.04791253 0.04699681 0.06603298 0.05379176 0.01203371 0.03325302 0.06785904
0.08610242 0.05661677 0.03613682 0.05088999 0.01271831 0.06637187 0.04032000 0.07198428 0.02289466 0.05472647 0.08793537 0.05414347 0.01962603 0.03708497 0.06748754 0.06922864 0.05550619 0.01173861 0.02902210 0.06946551
0.08053458 0.05393115 0.04252532 0.05243950 0.01353911 0.06209952 0.03919664 0.06740984 0.02254663 0.05739234 0.09381324 0.05727184 0.02078685 0.03916574 0.05014027 0.08488935 0.05644578 0.01104230 0.02946713 0.06536289
0.08235678 0.05199003 0.04187654 0.05218205 0.01381526 0.06362265 0.03753102 0.06640822 0.02274272 0.06301510 0.09845283 0.05487006 0.02361048 0.03815713 0.04946126 0.06789908 0.05964925 0.01154388 0.02899261 0.07182304
0.07303185 0.06101282 0.04509212 0.05481430 0.01770866 0.06262496 0.04299893 0.07880450 0.02772191 0.05093950 0.08982822 0.05349519 0.02178028 0.04185319 0.04838869 0.06535745 0.05419162 0.01624401 0.03243820 0.06167360
0.06726945 0.05431133 0.04563567 0.05819877 0.01623320 0.06411840 0.04013161 0.06901939 0.02404190 0.06054360 0.09538484 0.06322634 0.02293287 0.04008032 0.04673143 0.06432173 0.05300061 0.01231139 0.03491999 0.06758717
0.08191151 0.05213785 0.04058620 0.05944121 0.01476938 0.06497286 0.03511995 0.07991359 0.02231738 0.05952022 0.09995009 0.05347089 0.02232016 0.03697384 0.04714564 0.06251475 0.05572026 0.00988204 0.02786203 0.07347016
Lag5:
0.09870837 0.05651537 0.03608519 0.05341107 0.01239537 0.06625896 0.03916360 0.07585019 0.02223051 0.05717604 0.10133523 0.05425678 0.02230547 0.03616402 0.04566021 0.06134801 0.05140176 0.01078873 0.02700588 0.07193924
0.08442280 0.06655100 0.03813664 0.05436937 0.01373160 0.07034720 0.04014949 0.07171712 0.02439757 0.05481644 0.09874129 0.05639356 0.02145402 0.03659297 0.04583715 0.06305498 0.05159365 0.01096121 0.02902577 0.06770615
0.07382114 0.04997231 0.05316417 0.05422900 0.01418480 0.06463215 0.04041020 0.06027657 0.02300000 0.06717732 0.09743918 0.06001818 0.02144811 0.04190030 0.04375970 0.06800912 0.05478749 0.01123191 0.03173877 0.06879959
0.08279607 0.05598630 0.03745741 0.05608854 0.01390032 0.07007243 0.03746343 0.06503977 0.02222735 0.06367514 0.10090446 0.05545715 0.02334523 0.04018968 0.04319639 0.06143286 0.05322158 0.01171635 0.03162980 0.07419975
0.07386122 0.05465297 0.04165791 0.05432995 0.02971470 0.06352808 0.03716272 0.07646975 0.02560056 0.05435161 0.08982109 0.05821470 0.02075371 0.03681610 0.05051987 0.06928015 0.05431409 0.01184843 0.03060097 0.06650140
0.08439663 0.05522649 0.03685845 0.05457863 0.01371846 0.07771665 0.03883893 0.06125609 0.02133907 0.06391698 0.10653398 0.06050253 0.02216879 0.04047300 0.04148473 0.05919448 0.04921625 0.01065318 0.03118711 0.07073955
0.08366958 0.05553118 0.03920878 0.05040253 0.01308365 0.06841775 0.05175246 0.06297722 0.02341820 0.05889506 0.10349867 0.05700393 0.02225746 0.03872621 0.04605868 0.06422446 0.05173029 0.01152630 0.03008257 0.06753502
0.08460551 0.05383957 0.03667624 0.05427193 0.01445058 0.06097591 0.03539778 0.08055455 0.02261166 0.06188416 0.09641766 0.04829030 0.02354772 0.03984917 0.04740397 0.06388915 0.05555279 0.01160314 0.02940193 0.07877627
0.08079234 0.05521981 0.03937005 0.05550777 0.01442752 0.06479485 0.04109804 0.06844445 0.03025762 0.05750593 0.09444611 0.05376292 0.02092630 0.03839356 0.05016013 0.06642194 0.05722710 0.01216153 0.03031638 0.06876566
0.07800444 0.05251360 0.04715717 0.05864710 0.01301176 0.06979366 0.03763223 0.07902602 0.02238001 0.06040181 0.08849261 0.06429476 0.02089853 0.03878915 0.04705973 0.06645958 0.05305942 0.00970524 0.02842409 0.06424911
0.08344224 0.05682098 0.04164824 0.05622894 0.01321326 0.06952071 0.04167246 0.07407070 0.02266862 0.05777476 0.09461356 0.05957256 0.02053739 0.03804810 0.04838702 0.06554684 0.05177405 0.01058454 0.02818732 0.06568773
0.07581643 0.05400911 0.04366450 0.05372987 0.01305510 0.07261598 0.03834865 0.06245100 0.02140148 0.06496403 0.09703315 0.07345998 0.02136301 0.03917061 0.04182770 0.06393481 0.05168188 0.01036916 0.03164554 0.06945801
0.08481750 0.05576195 0.04079516 0.05388811 0.01321739 0.06968552 0.03985984 0.07720336 0.02322316 0.05743110 0.09351856 0.05734098 0.02554762 0.03943959 0.04636780 0.06463758 0.05170093 0.01070997 0.02808493 0.06676896
0.07578594 0.05259712 0.04536203 0.05810127 0.01418673 0.06624709 0.03770281 0.07383914 0.02430325 0.05843392 0.09300142 0.05909285 0.02126884 0.04342629 0.04927995 0.06675621 0.05349167 0.01146188 0.03091880 0.06474280
0.08566787 0.05488216 0.03551141 0.05148404 0.01394947 0.06482796 0.03958339 0.06916240 0.02318421 0.05647379 0.09457817 0.05147058 0.02098013 0.03719272 0.06307292 0.06943515 0.05511963 0.01199281 0.03010224 0.07132894
0.07864312 0.05302381 0.04140512 0.05279366 0.01463631 0.06463269 0.04019727 0.06576780 0.02277235 0.05880397 0.09879096 0.05596362 0.02154120 0.03889544 0.04950553 0.07849176 0.05634749 0.01128973 0.02912599 0.06737219
0.08356246 0.05429709 0.04035344 0.05467592 0.01357295 0.06646862 0.03832038 0.06982211 0.02278925 0.05907266 0.09691366 0.05607433 0.02187502 0.03830153 0.04713099 0.06836364 0.05919906 0.01089200 0.02928221 0.06903268
0.07789324 0.05494214 0.04100508 0.05592020 0.01541294 0.06425615 0.04257965 0.07692496 0.02396189 0.05392060 0.09560280 0.05607457 0.02120750 0.04199193 0.05303293 0.06526498 0.05254536 0.01422676 0.03030167 0.06293465
0.07394598 0.05454569 0.04611160 0.06077006 0.01526374 0.06922344 0.03960888 0.07375932 0.02425272 0.05833620 0.08938637 0.06182526 0.02013710 0.04065916 0.04698632 0.06581825 0.05198357 0.01105152 0.03353715 0.06279767
0.08621625 0.05606782 0.04143112 0.05971531 0.01297943 0.06953857 0.03781086 0.08366236 0.02242417 0.05361785 0.08828763 0.05840831 0.02097619 0.03605416 0.04891675 0.06514156 0.05343339 0.01011001 0.02690552 0.06830275
Lag6:
0.09849057 0.05730062 0.03684877 0.05423730 0.01210835 0.06789481 0.03954109 0.07475695 0.02211453 0.05529342 0.09776987 0.05518037 0.02179679 0.03618101 0.04834580 0.06243365 0.05277885 0.01008256 0.02631269 0.07053200
0.08517687 0.06483455 0.03688996 0.05415248 0.01373975 0.06862148 0.03851049 0.07333005 0.02323370 0.05709079 0.09789520 0.05514142 0.02166029 0.03764839 0.04866579 0.06311288 0.05070002 0.01117043 0.02853817 0.06988728
0.07550793 0.04861701 0.05377906 0.05436138 0.01410179 0.06481634 0.03880313 0.06444107 0.02195453 0.06648579 0.09665540 0.06085207 0.02136746 0.04169294 0.04287726 0.06756064 0.05366114 0.01085651 0.03203659 0.06957196
0.08107944 0.05642502 0.03885422 0.05980604 0.01389085 0.06952197 0.03826927 0.06783778 0.02187808 0.06339863 0.09979196 0.05621248 0.02140606 0.04032626 0.04382292 0.06168139 0.05171919 0.01126990 0.03109119 0.07171735
0.07803638 0.05437240 0.04190028 0.05447567 0.03020676 0.06421440 0.03797253 0.07543141 0.02456209 0.05081015 0.08773683 0.05517806 0.02091204 0.03893639 0.05318073 0.07021955 0.05418210 0.01237232 0.03202501 0.06327491
0.08143838 0.05631312 0.03813338 0.05503140 0.01330635 0.07693446 0.03901645 0.06635039 0.02141705 0.06329517 0.10399428 0.06153835 0.02197453 0.03870866 0.04299562 0.05972389 0.04906202 0.01057625 0.02893642 0.07125382
0.08213498 0.05624525 0.03936166 0.05096437 0.01387138 0.06705341 0.05190095 0.06693600 0.02365098 0.05877052 0.10380409 0.05657246 0.02179400 0.03805597 0.04723122 0.06315972 0.05104273 0.01158366 0.02922207 0.06664457
0.08747494 0.05350737 0.03603955 0.05365814 0.01532027 0.06186548 0.03592406 0.08352795 0.02251730 0.06093568 0.09466420 0.05193405 0.02295040 0.03808096 0.04628112 0.06405736 0.05456396 0.01172811 0.02893454 0.07603454
0.07902558 0.05590016 0.04125872 0.05298724 0.01619159 0.06481903 0.03989898 0.07108236 0.02835056 0.05865079 0.09727926 0.05274555 0.02226756 0.03999828 0.04848927 0.06503473 0.05290503 0.01204726 0.03208879 0.06897929
0.07892609 0.05320958 0.04599461 0.05788054 0.01229553 0.07113318 0.03827957 0.07332215 0.02332661 0.06110026 0.09182701 0.06396430 0.02088747 0.03868269 0.04429059 0.06509461 0.05344967 0.00997666 0.02963335 0.06672553
0.08354791 0.05635948 0.04147635 0.05744860 0.01274879 0.07098610 0.04174740 0.06900276 0.02376224 0.05755024 0.09669001 0.05899972 0.02089335 0.03721922 0.04663760 0.06602449 0.05278688 0.01084123 0.02836747 0.06691015
0.07609669 0.05282858 0.04201564 0.05343946 0.01370448 0.07136841 0.03764167 0.06678945 0.02147920 0.06597684 0.09757645 0.07112997 0.02139417 0.04093749 0.04196285 0.06236857 0.05023511 0.01046284 0.03202772 0.07056440
0.08311675 0.05690647 0.04281687 0.05485749 0.01279700 0.07003607 0.03901667 0.07415257 0.02302338 0.05759243 0.09340317 0.05963079 0.02508373 0.03773692 0.04597313 0.06405320 0.05253002 0.01023305 0.03057289 0.06646740
0.07705067 0.05438166 0.04449373 0.05695852 0.01320173 0.06709863 0.03942817 0.07068687 0.02372613 0.05899080 0.09366293 0.05890015 0.02179555 0.04259065 0.04765594 0.06772267 0.05347848 0.01190017 0.03076027 0.06551628
0.08308479 0.05385931 0.03556975 0.05242241 0.01533469 0.06124167 0.03830418 0.06764813 0.02321344 0.05751053 0.09870707 0.04951988 0.02239680 0.04026335 0.06283741 0.06831000 0.05698657 0.01251141 0.02968003 0.07059858
0.07958352 0.05420600 0.04169728 0.05208402 0.01417230 0.06415010 0.04019952 0.06757723 0.02223906 0.05836412 0.09763612 0.05663226 0.02160046 0.03933425 0.04911743 0.08036768 0.05578756 0.01079516 0.02880905 0.06564688
0.08535048 0.05333894 0.04090495 0.05368679 0.01379251 0.06673822 0.03936249 0.07008513 0.02288609 0.05830406 0.09480083 0.05648278 0.02253745 0.03843196 0.04798921 0.06792623 0.05925112 0.01062052 0.02949176 0.06801850
0.07885206 0.05462654 0.03956042 0.05617713 0.01485257 0.06609008 0.03929360 0.07423742 0.02569157 0.05272947 0.09625849 0.05235807 0.02200103 0.04230438 0.05269526 0.06410896 0.05515823 0.01615833 0.03215393 0.06469245
0.07433112 0.05480916 0.04449698 0.05792586 0.01431800 0.06964107 0.04070589 0.06995243 0.02400128 0.05944025 0.09148794 0.06129586 0.02108585 0.03952815 0.04840600 0.06516247 0.05306984 0.01188536 0.03349202 0.06496448
0.08463244 0.05557578 0.04132012 0.05802702 0.01296945 0.06925601 0.03774425 0.08031065 0.02332887 0.05521509 0.09054448 0.05723561 0.02088010 0.03679319 0.04754805 0.06526342 0.05489209 0.01010707 0.02854390 0.06981241
Lag7:
0.09902042 0.05640580 0.03627182 0.05468610 0.01219253 0.06617979 0.03964986 0.07635726 0.02218960 0.05604515 0.09783563 0.05320499 0.02162653 0.03641902 0.04805880 0.06224172 0.05297745 0.01062719 0.02621843 0.07179191
0.08415906 0.06752773 0.03728614 0.05611538 0.01347137 0.06962768 0.04135636 0.07390149 0.02300500 0.05552626 0.09537781 0.05673739 0.02083152 0.03614863 0.04816135 0.06217208 0.04952756 0.01142408 0.02831399 0.06932914
0.07394042 0.04953760 0.05434471 0.05611120 0.01430588 0.06737819 0.03939589 0.06531004 0.02241048 0.06413986 0.09479349 0.06153232 0.02168051 0.03999141 0.04277316 0.06894023 0.05381509 0.01086495 0.03148028 0.06725430
0.08371753 0.05719079 0.04148243 0.06282712 0.01327047 0.07353065 0.03858454 0.06654852 0.02264579 0.05998082 0.09231560 0.05959603 0.02092375 0.03812560 0.04391954 0.06466634 0.05286295 0.01067642 0.02918725 0.06794786
0.07269844 0.05467004 0.04027594 0.05054954 0.03175258 0.05773189 0.03661263 0.07171134 0.02656259 0.05482089 0.09492509 0.05383108 0.02208508 0.04643793 0.04912459 0.06920841 0.05300528 0.01269028 0.03394995 0.06735645
0.08155165 0.06065346 0.04086874 0.06096624 0.01212897 0.08777374 0.04333497 0.06366214 0.02123707 0.05678285 0.08880877 0.06870248 0.01988342 0.03544590 0.04429252 0.06266028 0.04949510 0.00960029 0.02680632 0.06534510
0.08144574 0.05711799 0.04236222 0.05559997 0.01291805 0.07125316 0.05509682 0.06584998 0.02336717 0.05537568 0.09327488 0.05906568 0.02141118 0.03580548 0.04730758 0.06645955 0.05216760 0.01071274 0.02830463 0.06510389
0.09135550 0.05380052 0.03747469 0.05414686 0.01425818 0.06242516 0.03523369 0.08243581 0.02258559 0.05848310 0.09247488 0.05000005 0.02216935 0.03829117 0.04888059 0.06694313 0.05649282 0.01106008 0.02816171 0.07332713
0.08184882 0.05719199 0.04053175 0.05571851 0.01457025 0.06645952 0.04134471 0.07024310 0.02752325 0.05716998 0.09677521 0.05431995 0.02283165 0.03896203 0.04846862 0.06397991 0.05160806 0.01150363 0.03057700 0.06837204
0.07682438 0.05155394 0.04328020 0.05422452 0.01284971 0.06570039 0.03528132 0.07554716 0.02278322 0.06695052 0.09785174 0.06116680 0.02231978 0.04046396 0.04469120 0.06438044 0.05409146 0.01019685 0.03128089 0.06856153
0.08222416 0.05486834 0.03870407 0.05227967 0.01367322 0.06508398 0.03892655 0.06964078 0.02435802 0.06043956 0.10734999 0.05439758 0.02163964 0.04089392 0.04612521 0.06409270 0.05221205 0.01134582 0.03085539 0.07088934
0.07405827 0.05382625 0.04504580 0.05781868 0.01358184 0.07652902 0.03920824 0.06589726 0.02083033 0.06273904 0.09045338 0.07569977 0.01990333 0.03837301 0.04331020 0.06436147 0.05133187 0.00988690 0.02934929 0.06779604
0.08167929 0.05273404 0.04004037 0.05266702 0.01387428 0.06639886 0.03863818 0.07293945 0.02426509 0.06058483 0.10205509 0.05496518 0.02634761 0.04074122 0.04635839 0.06261838 0.05344527 0.01028596 0.03027770 0.06908379
0.07711328 0.05074306 0.04147500 0.05297510 0.01498586 0.06424053 0.03662267 0.06934576 0.02359992 0.06219510 0.10240532 0.05739359 0.02283998 0.04487540 0.04626449 0.06431788 0.05259002 0.01238642 0.03422834 0.06940226
0.08379143 0.05509459 0.03608002 0.05231139 0.01474219 0.06476228 0.04120955 0.07278508 0.02313575 0.05678345 0.09523748 0.05196582 0.02144519 0.03691739 0.06051906 0.06848320 0.05494418 0.01232761 0.02834551 0.06911885
0.07957774 0.05401316 0.04182550 0.05309598 0.01416598 0.06387178 0.03966010 0.06638512 0.02217154 0.05944119 0.09788051 0.05516551 0.02136591 0.03928112 0.04892654 0.07914177 0.05582580 0.01087950 0.02924147 0.06808377
0.08647813 0.05271121 0.04111502 0.05309036 0.01429141 0.06485705 0.03854815 0.07106418 0.02304789 0.05854699 0.09798250 0.05515954 0.02273882 0.03845163 0.04695231 0.06797488 0.05851886 0.01086781 0.02968474 0.06791851
0.08146645 0.05351058 0.03885180 0.05218606 0.01829108 0.06287077 0.03739135 0.07085802 0.02360092 0.05749443 0.10250633 0.05366949 0.02306456 0.04217559 0.04883489 0.06138098 0.04970324 0.01864556 0.03441520 0.06908269
0.07325546 0.05279548 0.04443257 0.05551077 0.01445278 0.06689484 0.03828589 0.07020588 0.02369729 0.06144806 0.09622536 0.06064201 0.02270024 0.04128212 0.04656340 0.06405574 0.05284718 0.01245869 0.03583807 0.06640816
0.08448750 0.05470921 0.03974005 0.05433963 0.01289451 0.06540279 0.03661857 0.08019714 0.02298466 0.05873956 0.09622064 0.05675012 0.02243741 0.03837246 0.04896753 0.06179395 0.05462571 0.01048604 0.02866242 0.07157008
Lag8:
0.09840948 0.05639614 0.03635921 0.05382244 0.01279819 0.06694983 0.03878278 0.07517896 0.02266072 0.05694953 0.09791690 0.05347353 0.02127399 0.03666818 0.04762274 0.06175622 0.05203717 0.01081976 0.02698874 0.07313550
0.08526688 0.06660604 0.03744247 0.05579565 0.01355922 0.07026503 0.04132199 0.06961159 0.02338736 0.05482407 0.09659081 0.05604490 0.02168414 0.03675313 0.04716233 0.06323976 0.05153124 0.01070192 0.02860880 0.06960266
0.07482635 0.05139960 0.05443715 0.05570377 0.01488443 0.06663185 0.03908170 0.06537764 0.02226260 0.06313609 0.09472129 0.06091778 0.02186764 0.03939281 0.04388661 0.06884844 0.05469478 0.01072445 0.03162482 0.06558020
0.08434441 0.05608387 0.04062181 0.06171518 0.01328932 0.07287949 0.03874967 0.06738148 0.02289328 0.05936627 0.09571813 0.05730572 0.02151724 0.03714293 0.04392939 0.06464185 0.05283346 0.01064410 0.02960167 0.06934073
0.07571412 0.05390990 0.04137335 0.05449334 0.02576293 0.06158047 0.03756012 0.07329564 0.02590298 0.05578440 0.09334027 0.05495838 0.02137283 0.03949459 0.05107125 0.07220421 0.05398070 0.01207808 0.03073375 0.06538868
0.08237235 0.05723328 0.04021715 0.05933325 0.01334369 0.08343081 0.04141843 0.06364622 0.02234249 0.05825142 0.09417049 0.06412222 0.02108576 0.03551183 0.04321152 0.06213386 0.05167626 0.01007532 0.02934177 0.06708189
0.08213640 0.05616766 0.04154450 0.05409423 0.01334796 0.07048985 0.05318765 0.06382839 0.02291932 0.05587254 0.09706638 0.05916509 0.02153780 0.03658417 0.04712405 0.06646496 0.05254433 0.01103264 0.02852323 0.06636886
0.08758120 0.05586040 0.03845008 0.05422374 0.01423031 0.06377273 0.03633003 0.08069854 0.02272601 0.05823322 0.09556397 0.05189713 0.02281029 0.03766405 0.04931545 0.06453520 0.05531091 0.01164355 0.02836296 0.07079022
0.08355907 0.05619380 0.03854339 0.05714199 0.01754084 0.06544650 0.04063175 0.07323736 0.02745611 0.05639842 0.09512770 0.05604185 0.02245223 0.03853403 0.04761629 0.06454888 0.05278241 0.01089015 0.03005368 0.06580354
0.07724526 0.05114759 0.04386032 0.05463324 0.01309423 0.06638425 0.03662124 0.07443819 0.02281562 0.06710346 0.09613396 0.06152329 0.02193308 0.04129316 0.04501379 0.06378824 0.05347187 0.01047592 0.03021201 0.06881127
0.08087229 0.05460048 0.03921155 0.05291158 0.01324150 0.06683241 0.03957223 0.07252257 0.02297699 0.06116511 0.10348943 0.05601468 0.02125915 0.04040290 0.04740125 0.06407098 0.05143851 0.01113831 0.02894528 0.07193280
0.07522641 0.05355946 0.04392268 0.05720878 0.01317615 0.07544050 0.03942188 0.06539714 0.02125382 0.06255939 0.09192417 0.07446784 0.02091446 0.03862825 0.04294470 0.06524223 0.05186087 0.00979290 0.03002574 0.06703262
0.08289525 0.05445952 0.04019413 0.05239413 0.01272402 0.06459809 0.03836613 0.07405843 0.02312027 0.06254855 0.09751931 0.05649347 0.02533740 0.04100058 0.04634500 0.06390674 0.05215106 0.01081953 0.03085087 0.07021751
0.07675104 0.05176301 0.04137435 0.05370379 0.01401631 0.06219213 0.03680579 0.07117240 0.02332338 0.06329265 0.10083791 0.05629692 0.02278079 0.04646589 0.04668003 0.06473100 0.05331072 0.01213546 0.03252234 0.06984408
0.08517796 0.05562567 0.03859988 0.05398488 0.01428230 0.06590813 0.04102603 0.07193748 0.02289991 0.05386299 0.09281963 0.05473568 0.02137120 0.03768809 0.05978151 0.06850566 0.05510284 0.01121086 0.02858775 0.06689154
0.08027230 0.05360400 0.04167003 0.05303081 0.01462779 0.06507866 0.03962654 0.06784398 0.02222861 0.05780125 0.09746249 0.05625676 0.02105145 0.03897931 0.04868043 0.07951071 0.05531436 0.01098946 0.02891422 0.06705684
0.08506916 0.05422394 0.04040947 0.05292966 0.01355461 0.06414627 0.03913210 0.07217059 0.02297483 0.05918270 0.09659463 0.05635179 0.02194571 0.03878242 0.04689216 0.06693386 0.05822119 0.01109508 0.03030030 0.06908953
0.08004281 0.05739628 0.03781237 0.05234035 0.01582620 0.06135503 0.03823256 0.07198198 0.02509868 0.05852575 0.10019659 0.05387924 0.02181643 0.04285754 0.05277668 0.06271294 0.05041894 0.01696545 0.03233674 0.06742744
0.07476261 0.05440822 0.04385584 0.05657823 0.01442683 0.06554779 0.03782649 0.07188832 0.02457899 0.06141788 0.09355405 0.05917322 0.02276330 0.04233567 0.04750215 0.06395952 0.05278863 0.01225189 0.03410917 0.06627119
0.08433067 0.05488125 0.03977014 0.05538445 0.01303900 0.06680911 0.03712946 0.07938500 0.02280779 0.05857041 0.09533601 0.05615641 0.02146439 0.03812540 0.04799569 0.06324854 0.05364540 0.01095436 0.02963455 0.07133197
Lag9:
0.09530798 0.05703281 0.03653564 0.05398548 0.01246296 0.06599853 0.03855139 0.07628622 0.02224187 0.05710772 0.09809572 0.05473198 0.02137098 0.03645116 0.04836414 0.06156603 0.05296030 0.01083450 0.02705746 0.07305718
0.08530488 0.06513618 0.03765786 0.05483409 0.01362495 0.06970154 0.04006649 0.07156553 0.02359587 0.05557629 0.09681997 0.05578297 0.02105897 0.03703986 0.04820476 0.06322969 0.05131260 0.01105108 0.02870403 0.06973240
0.07370990 0.05041543 0.05375625 0.05636935 0.01417642 0.06644395 0.04021234 0.06739470 0.02338756 0.06312427 0.09570079 0.06215450 0.02122250 0.03901862 0.04368164 0.06897228 0.05476800 0.01051869 0.03057151 0.06440130
0.08413935 0.05687056 0.04089613 0.05957028 0.01348983 0.07195177 0.03882201 0.07096829 0.02297302 0.05804250 0.09495543 0.05858875 0.02138233 0.03757635 0.04440991 0.06396163 0.05254913 0.01042057 0.03039494 0.06803722
0.07522617 0.05710960 0.04153654 0.05518426 0.02752226 0.06456440 0.03942695 0.07132981 0.02565266 0.05359800 0.09260767 0.05747733 0.02093259 0.03828506 0.04844556 0.06879288 0.05278242 0.01307058 0.03136443 0.06509083
0.08151976 0.05606402 0.03961070 0.05598156 0.01322228 0.07600432 0.03892604 0.06791309 0.02234832 0.06085278 0.10020270 0.06132280 0.02172859 0.03782566 0.04420940 0.06152071 0.05011502 0.01056054 0.03022285 0.06984886
0.08299394 0.05516271 0.04172296 0.05365162 0.01381443 0.06775144 0.05049280 0.06712404 0.02322406 0.05798972 0.09900443 0.05695321 0.02184730 0.03735628 0.04832191 0.06499221 0.05221443 0.01053448 0.02971917 0.06512885
0.08889235 0.05578727 0.03963979 0.05478629 0.01426732 0.06459216 0.03654743 0.08204162 0.02240469 0.05670416 0.09679315 0.05255246 0.02227907 0.03792206 0.04665019 0.06520110 0.05358808 0.01136575 0.02808341 0.06990166
0.08047110 0.05642309 0.03971349 0.05444978 0.01512819 0.06580973 0.04016836 0.07046360 0.02716940 0.05765451 0.09692693 0.05496575 0.02261315 0.04121366 0.04917996 0.06645470 0.05234840 0.01183965 0.02958799 0.06741853
0.07943570 0.05221486 0.04291084 0.05528938 0.01309593 0.06871396 0.03755796 0.07052858 0.02184811 0.06501044 0.09512723 0.06143096 0.02222203 0.04037676 0.04444657 0.06510888 0.05437439 0.01052979 0.03084442 0.06893321
0.08288551 0.05479191 0.03939999 0.05427990 0.01329029 0.06821372 0.04066365 0.06988011 0.02254375 0.06051534 0.09910998 0.05663099 0.02127882 0.03971127 0.04744128 0.06583146 0.05304174 0.01112189 0.02866383 0.07070455
0.07545490 0.05269799 0.04366459 0.05560195 0.01377977 0.07280836 0.03839441 0.06679360 0.02173957 0.06437812 0.09485685 0.07080893 0.02161376 0.03862902 0.04310021 0.06429073 0.05168570 0.01016749 0.03045779 0.06907625
0.08167746 0.05369448 0.03984426 0.05614697 0.01302859 0.06884350 0.03846028 0.07226049 0.02291333 0.06049503 0.09486973 0.05577058 0.02525785 0.03886342 0.04843713 0.06390905 0.05435787 0.01052782 0.03010810 0.07053404
0.07813420 0.05256139 0.04075704 0.05495714 0.01442005 0.06520001 0.03833742 0.06808369 0.02542793 0.06285517 0.09645890 0.05728045 0.02282216 0.04443802 0.04713983 0.06570601 0.05235675 0.01233105 0.03186453 0.06886829
0.08544670 0.05621286 0.03711883 0.05365825 0.01449673 0.06428298 0.03977272 0.07299593 0.02361915 0.05477516 0.09550472 0.05266243 0.02182745 0.03742776 0.05938691 0.06951407 0.05400615 0.01135329 0.02829224 0.06764567
0.07954477 0.05398619 0.04298872 0.05354134 0.01424240 0.06527056 0.04002287 0.06926454 0.02301759 0.05751142 0.09645510 0.05806885 0.02124734 0.03819577 0.04877637 0.07694064 0.05540867 0.01097756 0.02892164 0.06561768
0.08356327 0.05377996 0.04202309 0.05526825 0.01386218 0.06787690 0.04030414 0.07043073 0.02237905 0.05856123 0.09527217 0.05710012 0.02144403 0.03876059 0.04640659 0.06668094 0.05737356 0.01078068 0.02936286 0.06876965
0.07899387 0.05484561 0.04062353 0.05239074 0.01585703 0.06474879 0.03857446 0.07091900 0.02453742 0.05684279 0.10008077 0.05293165 0.02120389 0.04357231 0.05128936 0.06315545 0.05426799 0.01581835 0.03298676 0.06636024
0.07629788 0.05464148 0.04245426 0.05620617 0.01471262 0.06739063 0.03828278 0.06734001 0.02372876 0.06156378 0.09274089 0.06036527 0.02177130 0.04336670 0.04723136 0.06470718 0.05337887 0.01173564 0.03464919 0.06743524
0.08485319 0.05552555 0.03828811 0.05602276 0.01286702 0.06844718 0.03815930 0.07593767 0.02231186 0.05912218 0.09462505 0.05695755 0.02166796 0.03836316 0.04742110 0.06292598 0.05419288 0.01074733 0.02891769 0.07264647
Lag10:
0.09534261 0.05715915 0.03598103 0.05449330 0.01223243 0.06716999 0.03928066 0.07450585 0.02288482 0.05652084 0.09648818 0.05428027 0.02143751 0.03714304 0.04856195 0.06179795 0.05341935 0.01128157 0.02746146 0.07255802
