Lag1:
0.10463634 0.05657995 0.03425433 0.05339658 0.01278959 0.06765823 0.03968397 0.07546160 0.02082532 0.05700969 0.10310518 0.05484742 0.02330116 0.03593365 0.04190130 0.06114662 0.05089641 0.01017755 0.02556296 0.07083215
0.07977279 0.06956978 0.03855798 0.05492184 0.01314973 0.07110407 0.04219749 0.06600431 0.02486724 0.05884715 0.09869321 0.05729676 0.02217537 0.04096728 0.04470462 0.05979565 0.04740028 0.01150151 0.03120432 0.06726862
0.07353387 0.04866290 0.05519828 0.05021153 0.01415849 0.06081416 0.03846257 0.07025220 0.02204168 0.06783065 0.09432751 0.05924456 0.02158374 0.04075783 0.05575961 0.06532860 0.05070946 0.01168776 0.03278367 0.06665092
0.08149995 0.05061317 0.03750634 0.05740095 0.01315606 0.07334601 0.03264034 0.07100768 0.02082721 0.06667646 0.09990052 0.05414265 0.02171240 0.04364818 0.04722630 0.06017246 0.04851208 0.01286415 0.03424822 0.07289887
0.06833915 0.05671305 0.04065113 0.05454388 0.02297948 0.05789038 0.03885934 0.08883122 0.02786477 0.05295312 0.09242199 0.05128499 0.01790264 0.04084115 0.05441757 0.07461759 0.05114162 0.01243247 0.03207379 0.06324069
0.08574789 0.05919156 0.04360459 0.05486079 0.01142187 0.08503160 0.04241558 0.06161619 0.02126353 0.06436095 0.09723100 0.07036322 0.02379903 0.03468438 0.03502100 0.05295123 0.05037571 0.01023627 0.02709354 0.06873005
0.08865679 0.06045293 0.03892059 0.04577255 0.01265031 0.06632271 0.06075358 0.06397453 0.02442479 0.05797282 0.10154219 0.05813087 0.02329827 0.03554758 0.04741041 0.05758914 0.04975140 0.01161375 0.02804740 0.06716736
0.07910664 0.05666039 0.03638372 0.05284652 0.01440753 0.06241682 0.03652177 0.08107132 0.02420470 0.06222535 0.09183478 0.06219699 0.02366205 0.04172813 0.03881964 0.06580198 0.05468520 0.01214089 0.03130550 0.07198006
0.07308578 0.05749618 0.03819472 0.04659457 0.01687829 0.05310308 0.04191509 0.07613088 0.03300019 0.06059622 0.10306177 0.04656791 0.02004958 0.04467060 0.06129791 0.06465904 0.05198148 0.01187865 0.03464742 0.06419064
0.08394905 0.05239996 0.04525235 0.06264999 0.01482537 0.06998117 0.03537094 0.06980245 0.02233323 0.06108692 0.08929763 0.05903702 0.01882099 0.03706262 0.04857555 0.06760145 0.05669929 0.00931871 0.02905003 0.06688528
0.08779998 0.05774623 0.04079699 0.05617305 0.01370246 0.06719459 0.04035049 0.06865382 0.02309073 0.05352255 0.09814539 0.05948956 0.02048679 0.03721398 0.05099802 0.06937591 0.05424443 0.01002656 0.02623661 0.06475186
0.08008795 0.05672520 0.04592274 0.05539190 0.01151430 0.07817762 0.03978767 0.06252468 0.02081942 0.06222673 0.09192196 0.07566850 0.02126507 0.03229317 0.04425919 0.05992901 0.05408962 0.00954627 0.03044816 0.06740083
0.08889846 0.05452999 0.04210404 0.05587655 0.01226218 0.06570729 0.03959047 0.07373297 0.02236821 0.05650537 0.09676232 0.05947573 0.02768570 0.03524488 0.04829551 0.06092118 0.05344025 0.00866738 0.02569890 0.07223261
0.07443512 0.04925381 0.04297074 0.06238004 0.01691848 0.06255139 0.03501403 0.07540929 0.02361020 0.06009659 0.09539250 0.05248203 0.02036600 0.04334228 0.04343317 0.07523699 0.05583663 0.01190649 0.03258389 0.06678033
0.08149915 0.04836856 0.03715105 0.05512630 0.01231614 0.07692404 0.04041203 0.07664378 0.02322699 0.05039836 0.09082459 0.04948128 0.01964594 0.03912751 0.05813541 0.07074878 0.05427132 0.01127617 0.02986972 0.07455286
0.07426244 0.05343978 0.04003181 0.05207410 0.01469428 0.05924480 0.03894350 0.07720300 0.02311194 0.05637513 0.09743518 0.05381226 0.02063715 0.04095573 0.05047187 0.08605913 0.05512649 0.01153637 0.02908976 0.06549527
0.08118062 0.04978676 0.03775105 0.05181505 0.01439911 0.05922801 0.03531797 0.07822058 0.02261793 0.05966012 0.10188710 0.04977703 0.02024499 0.03941091 0.05746575 0.06756377 0.06022245 0.01118494 0.02790678 0.07435907
0.07152307 0.06050696 0.04519540 0.05587681 0.01547005 0.05780165 0.04879896 0.06406791 0.02499656 0.05844757 0.11141942 0.05693739 0.02479594 0.04233400 0.03855710 0.06259172 0.04965892 0.01580618 0.03085631 0.06435807
0.07092846 0.05842080 0.04365058 0.05831555 0.01647419 0.06167686 0.04241441 0.07538281 0.02510592 0.05730757 0.09717388 0.05293631 0.01950975 0.04470305 0.04527361 0.06616444 0.05244652 0.01226697 0.03492271 0.06492560
0.08573026 0.05353775 0.03941563 0.05846884 0.01432945 0.06925542 0.03434602 0.06671541 0.02076206 0.06110727 0.09591482 0.05681033 0.02195023 0.03752663 0.04756507 0.06548311 0.05773558 0.01018068 0.02711006 0.07605537
Lag2:
0.10483395 0.06004334 0.03496478 0.04912837 0.01304579 0.06682179 0.03988248 0.07510586 0.02168150 0.05778836 0.10103601 0.05628635 0.02253836 0.03546981 0.04196741 0.06050393 0.05040253 0.00994733 0.02680095 0.07175109
0.08544983 0.06944379 0.03491017 0.04675701 0.01342706 0.06209289 0.03937654 0.07445257 0.02458838 0.06052376 0.10868053 0.05513398 0.02306276 0.03996103 0.04360113 0.05831839 0.04768564 0.01255852 0.03048370 0.06949232
0.06852067 0.04829398 0.05533534 0.05535049 0.01329902 0.06306250 0.03813531 0.06080477 0.02194663 0.06857855 0.10111907 0.06089930 0.02096429 0.04188092 0.04782702 0.06738086 0.05673568 0.01102861 0.03221860 0.06661840
0.07965008 0.04906593 0.03860786 0.06090410 0.01298600 0.06923819 0.03548259 0.05907329 0.02059141 0.06929229 0.10602365 0.05440235 0.02183149 0.04111334 0.04477142 0.06334935 0.05081940 0.01112049 0.03137372 0.08030305
0.07596012 0.05441224 0.04445744 0.05328731 0.02495872 0.06374407 0.03880621 0.07265361 0.02537682 0.05583273 0.08761200 0.05794449 0.02042105 0.03966936 0.05026308 0.07092505 0.05185961 0.01133963 0.03017742 0.07029903
0.08330508 0.05264126 0.03464686 0.05086113 0.01352482 0.07648219 0.03741969 0.06713576 0.01932758 0.06876285 0.11236344 0.05940626 0.02474212 0.04137296 0.03929970 0.05510134 0.04778067 0.01086892 0.03045368 0.07450370
0.08185995 0.05638225 0.03690204 0.04572372 0.01304817 0.06426245 0.05516377 0.06492121 0.02307527 0.06366793 0.11432289 0.05481626 0.02344477 0.03913012 0.04497072 0.05952676 0.04746606 0.01154443 0.02938294 0.07038830
0.07959122 0.05403611 0.03687122 0.05475632 0.01424186 0.05707978 0.03317674 0.08513265 0.02109624 0.06153807 0.08928416 0.05367958 0.02226355 0.03781866 0.05425673 0.06768208 0.06035671 0.01107293 0.02945425 0.07661114
0.07590626 0.05505926 0.04015236 0.05966695 0.01462594 0.06138241 0.03922645 0.07309682 0.03245679 0.05903833 0.10293662 0.05027868 0.02091483 0.04127876 0.04946475 0.06289646 0.04946912 0.01214621 0.03056176 0.06944125
0.08346708 0.05642709 0.04802563 0.06089707 0.01311829 0.07430571 0.04097878 0.07379098 0.02376998 0.05379748 0.08160434 0.06283679 0.01925745 0.03660884 0.04585818 0.06796400 0.05620490 0.00948474 0.02813120 0.06347147
0.08667954 0.05916586 0.04392624 0.06100986 0.01331167 0.07685894 0.04408266 0.07126592 0.02387846 0.05015652 0.08956608 0.06292066 0.01947715 0.03506748 0.04734873 0.06672917 0.05072286 0.01048274 0.02645119 0.06089828
0.07634860 0.05334435 0.04102364 0.04785587 0.01296320 0.06511903 0.03702089 0.06818651 0.02146974 0.06986400 0.10530588 0.07209233 0.02279279 0.04205519 0.03983276 0.05954553 0.05080054 0.01113437 0.03305367 0.07019111
0.08398390 0.05820006 0.04081953 0.05773304 0.01353256 0.07475444 0.04296148 0.07184610 0.02380833 0.05417810 0.08924656 0.06068195 0.02554036 0.03956084 0.04411009 0.06260084 0.05116868 0.01097145 0.02969426 0.06460745
0.07576841 0.05495170 0.04735976 0.06162945 0.01465500 0.06875733 0.04121131 0.07404775 0.02503324 0.05411154 0.08556593 0.06096238 0.01976853 0.03996486 0.04963205 0.06859899 0.05407499 0.01119973 0.02961084 0.06309622
0.07990803 0.05042502 0.03591208 0.05200668 0.01415032 0.06101149 0.03793416 0.07411598 0.02468981 0.05627725 0.09356309 0.04823094 0.02190627 0.03953699 0.06750007 0.07095875 0.05890586 0.01225913 0.03023207 0.07047600
0.07711451 0.05132783 0.04080650 0.05299275 0.01443749 0.06413817 0.03726683 0.06938564 0.02163532 0.05921559 0.09968001 0.05353628 0.02085466 0.03983976 0.05062318 0.08523828 0.05542288 0.01142415 0.02997388 0.06508627
0.08314717 0.05326806 0.04070464 0.05455586 0.01347233 0.07102952 0.03760776 0.06802230 0.02269080 0.05737531 0.09419259 0.05715355 0.02097511 0.03804705 0.04957781 0.07045559 0.06369821 0.01052080 0.02809310 0.06541243
0.07625425 0.06033420 0.04358713 0.05924364 0.01591525 0.06821732 0.04399921 0.07176501 0.02455112 0.05009363 0.08842679 0.06166004 0.02141599 0.03900734 0.05122348 0.06500264 0.05225272 0.01658799 0.02921621 0.06124604
0.07283397 0.05613320 0.04691312 0.06076825 0.01656678 0.06547280 0.04134691 0.07117515 0.02664209 0.05694859 0.08963836 0.06020584 0.02028068 0.04010293 0.04900804 0.06505904 0.05353697 0.01151099 0.03309800 0.06275830
0.08986647 0.05559392 0.04049706 0.06064495 0.01394007 0.07177650 0.03719289 0.07659253 0.02237992 0.05465673 0.08722926 0.05588220 0.02073940 0.03714256 0.04586955 0.06524822 0.05418263 0.00974653 0.02694866 0.07386993
Lag3:
0.10396097 0.05821826 0.03601616 0.05221999 0.01265334 0.06688903 0.03942107 0.07357744 0.02218708 0.05770870 0.10053323 0.05341069 0.02212875 0.03603879 0.04569135 0.06062941 0.05137743 0.01014253 0.02668411 0.07051167
0.08563054 0.06898666 0.03627779 0.05585122 0.01229299 0.07065195 0.04142810 0.07252032 0.02258336 0.05531575 0.09851484 0.05677568 0.02151233 0.03803362 0.04441386 0.06358369 0.04953658 0.01102646 0.02799363 0.06707061
0.06825999 0.05183448 0.05547110 0.05441600 0.01306279 0.06299029 0.03800771 0.06353201 0.02177468 0.06719530 0.09761327 0.06420332 0.02029785 0.04165248 0.04350885 0.06764085 0.05506348 0.01105886 0.03250099 0.06991571
0.07934407 0.06081275 0.04059456 0.05824565 0.01211717 0.06862472 0.03603168 0.06672595 0.02172191 0.06320215 0.09317257 0.06517156 0.02008657 0.03861301 0.04234336 0.06244293 0.05642421 0.01082755 0.03012517 0.07337247
0.07395038 0.04724488 0.04127852 0.05121803 0.05363200 0.05436184 0.03349664 0.07517616 0.02587882 0.05628215 0.09635502 0.04799068 0.02138619 0.03944972 0.05096095 0.06678747 0.05427071 0.01209260 0.03186645 0.06632078
0.08313596 0.06777390 0.03880041 0.05777774 0.01148152 0.08487968 0.04287145 0.06321305 0.02005012 0.05610204 0.09036820 0.07680199 0.01934459 0.03510967 0.04291605 0.05982970 0.04863803 0.00983817 0.02702097 0.06404679
0.08278136 0.05833737 0.04036251 0.05379585 0.01262053 0.07230498 0.05688288 0.06417347 0.02296417 0.05722511 0.09779592 0.05868014 0.02075484 0.03674880 0.04619887 0.06476505 0.05017827 0.01093922 0.02775331 0.06473733
0.08344674 0.05167230 0.03424506 0.04804221 0.01408545 0.05535058 0.03209930 0.08509549 0.02323443 0.06468561 0.09533883 0.04901879 0.02185324 0.04160964 0.05122127 0.06442636 0.05739887 0.01100636 0.03056053 0.08560891
0.07500314 0.05796704 0.04242219 0.05457458 0.01566602 0.06509454 0.04107739 0.07037579 0.03236805 0.05594996 0.09369789 0.05293387 0.02136595 0.04021290 0.04986307 0.06654556 0.05513788 0.01179095 0.03120672 0.06674651
0.08295920 0.04767643 0.04544705 0.05658766 0.01371330 0.06496814 0.03583902 0.07790697 0.02298551 0.06577269 0.10028847 0.05585628 0.02272462 0.03991755 0.04320517 0.06390323 0.05340058 0.01073451 0.02972161 0.06639201
0.08743064 0.05393186 0.03949173 0.05302476 0.01410420 0.06723349 0.04021162 0.07067717 0.02423525 0.05872840 0.10958199 0.05556799 0.02313747 0.03923308 0.04429795 0.06403825 0.04996369 0.01138306 0.02960095 0.06412645
0.07374410 0.05403646 0.04370848 0.05752706 0.01142874 0.08130278 0.04127149 0.06598474 0.02024344 0.06254756 0.09319401 0.07726494 0.01920963 0.03818425 0.04262662 0.06316639 0.04920355 0.00949548 0.02883166 0.06702863
0.08786463 0.05248269 0.04072105 0.05445820 0.01434573 0.06470095 0.03766429 0.07311334 0.02356462 0.05815198 0.10078872 0.05328651 0.02797809 0.04032497 0.04293581 0.06396375 0.05220429 0.01164250 0.03100129 0.06880660
0.07675660 0.05084437 0.04370269 0.05760973 0.01398336 0.06490851 0.03705789 0.06998433 0.02437153 0.05876059 0.09976563 0.05480979 0.02388358 0.04511187 0.04858487 0.06728817 0.05282958 0.01299191 0.03203864 0.06471637
0.08098366 0.05584860 0.03392407 0.04956675 0.01451256 0.06263014 0.03991912 0.06633069 0.02225167 0.05896471 0.09326345 0.05223105 0.02108331 0.03794877 0.06808262 0.06889016 0.05767079 0.01176160 0.02894488 0.07519140
0.07605198 0.05244450 0.04301953 0.05687290 0.01379360 0.06883216 0.04081286 0.06839790 0.02257366 0.05551434 0.09216066 0.05535402 0.02012713 0.03836281 0.05153502 0.08330356 0.05628951 0.01082113 0.02891367 0.06481907
0.08137161 0.05243886 0.04224457 0.05677367 0.01360861 0.06855198 0.04146698 0.07314278 0.02314899 0.05729173 0.08946755 0.05412557 0.02089694 0.03776587 0.05029911 0.06951308 0.06046457 0.01089714 0.02870619 0.06782421
0.07742619 0.05709004 0.04313947 0.05800432 0.01392132 0.06552903 0.03905805 0.07547201 0.02454222 0.04938601 0.09424617 0.05297266 0.02220594 0.04249894 0.05347558 0.06564697 0.04990476 0.01669533 0.03203626 0.06674871
0.07205192 0.05252889 0.04514919 0.05987963 0.01402495 0.06745612 0.03963931 0.06830067 0.02377529 0.05966514 0.09364621 0.05846989 0.02288301 0.04118149 0.04920751 0.06673651 0.05301810 0.01158673 0.03539509 0.06540435
0.08911533 0.05005614 0.04020332 0.05693369 0.01391112 0.06427981 0.03508057 0.08093817 0.02294959 0.05891940 0.09695687 0.05198797 0.02303003 0.03720119 0.04676438 0.06453469 0.05467474 0.01073075 0.02846320 0.07326904
Lag4:
0.11502110 0.05702159 0.03383816 0.05131485 0.01246524 0.06447963 0.03749070 0.08122830 0.02172776 0.05380326 0.09711109 0.05233510 0.02091257 0.03522873 0.04556898 0.06160701 0.05079468 0.01044271 0.02694699 0.07066156
0.08286215 0.06821666 0.03611139 0.05561705 0.01299002 0.07842720 0.04141832 0.06865042 0.02246735 0.05734129 0.09666905 0.05558774 0.02117944 0.03598172 0.04803773 0.06281839 0.04960935 0.01106014 0.02780407 0.06715051
0.07313516 0.05108315 0.05527066 0.05238742 0.01326746 0.06452374 0.03986604 0.06165033 0.02249323 0.06715014 0.09285513 0.06262452 0.02172102 0.04108517 0.04262040 0.06970666 0.05549568 0.01141741 0.03234669 0.06929998
0.08492368 0.06031979 0.04100533 0.05803833 0.01287446 0.07119888 0.03919106 0.06135161 0.02200851 0.06243879 0.09391182 0.06035240 0.02108321 0.03990256 0.04309746 0.06200258 0.05160933 0.01117312 0.03078046 0.07273662
0.07181868 0.04909834 0.04306892 0.05298535 0.02845690 0.05754592 0.03614306 0.09207256 0.02697855 0.05429864 0.09544992 0.04986281 0.02156261 0.04738608 0.04748003 0.06769549 0.05150243 0.01242130 0.03138585 0.06278653
0.08315240 0.06566507 0.04000672 0.05545083 0.01112560 0.08405638 0.04532839 0.05825217 0.02170666 0.05631590 0.09275414 0.07571379 0.01932776 0.03509684 0.04213825 0.06116465 0.04985879 0.01005618 0.02810886 0.06472062
0.07988245 0.05580117 0.04203135 0.06083974 0.01184681 0.07802966 0.05667041 0.06139952 0.02360610 0.05502837 0.09561404 0.05831579 0.02060430 0.03605093 0.04577331 0.06438360 0.05136407 0.01202439 0.02744531 0.06328868
0.08969188 0.05604138 0.03594780 0.05233213 0.01384940 0.05967661 0.03424425 0.08453629 0.02204021 0.05847327 0.09277769 0.04842688 0.02081720 0.03962045 0.04970675 0.06762552 0.05666328 0.01114794 0.02987849 0.07650259
0.07543952 0.05424122 0.03860931 0.05357605 0.01436872 0.06469455 0.04141354 0.06671607 0.03474635 0.05910402 0.09921641 0.05504233 0.02263192 0.03909485 0.04929218 0.06445488 0.05379363 0.01105065 0.03019177 0.07232201
0.07457252 0.04981376 0.04500726 0.05658112 0.01472402 0.06332784 0.03546844 0.07419961 0.02315615 0.06800123 0.10240785 0.05973962 0.02367033 0.03996421 0.04285640 0.06330053 0.05507325 0.00994842 0.02920465 0.06898280
0.08039873 0.05234490 0.03951398 0.05481441 0.01462242 0.06423356 0.03914876 0.07810219 0.02286246 0.06013864 0.10778921 0.05347758 0.02263026 0.04044105 0.04792730 0.06279646 0.05046665 0.01077327 0.02966486 0.06785331
0.07340542 0.05134822 0.04254441 0.05885916 0.01299281 0.08611903 0.03999483 0.05952182 0.02024863 0.06462696 0.09186302 0.07552128 0.01962905 0.03799695 0.04244643 0.06393495 0.05197689 0.01012013 0.02920277 0.06764725
0.08188695 0.05209051 0.04071828 0.05518849 0.01396510 0.06564365 0.03873143 0.08155646 0.02404138 0.05871934 0.09899040 0.05438621 0.02811528 0.04109839 0.04504023 0.06219986 0.04984904 0.01131557 0.03015806 0.06630537
0.07236102 0.04995291 0.04312653 0.05560289 0.01687120 0.06037995 0.03638846 0.07312045 0.02446920 0.05857219 0.10125847 0.05637341 0.02345468 0.04800909 0.04706760 0.06628284 0.05387478 0.01201826 0.03298622 0.06782984
0.08611606 0.05704568 0.03599013 0.05076187 0.01270531 0.06619613 0.04032127 0.07182396 0.02288239 0.05485120 0.08822127 0.05430720 0.01956447 0.03704090 0.06748108 0.06927224 0.05545701 0.01166650 0.02889437 0.06940096
0.08060999 0.05432413 0.04238710 0.05221216 0.01350066 0.06184755 0.03918260 0.06740765 0.02246482 0.05739662 0.09417229 0.05751135 0.02068739 0.03918756 0.05021140 0.08478340 0.05645297 0.01104319 0.02929766 0.06531951
0.08245604 0.05230375 0.04173947 0.05201633 0.01382392 0.06333421 0.03763727 0.06635131 0.02259169 0.06313751 0.09878373 0.05505546 0.02344806 0.03812521 0.04957241 0.06784961 0.05955636 0.01147472 0.02877536 0.07196759
0.07314234 0.06083299 0.04475150 0.05453441 0.01764858 0.06239192 0.04292874 0.07860389 0.02770587 0.05120837 0.09093482 0.05343788 0.02182077 0.04213345 0.04824687 0.06527763 0.05409551 0.01625177 0.03230305 0.06174964
0.06742971 0.05424086 0.04548933 0.05810310 0.01615426 0.06391584 0.04002763 0.06912224 0.02403344 0.06060009 0.09571949 0.06314800 0.02284113 0.04032830 0.04661071 0.06431762 0.05317914 0.01230989 0.03482391 0.06760532
0.08201120 0.05226472 0.04054511 0.05923839 0.01479417 0.06467868 0.03504715 0.08046918 0.02224548 0.05949803 0.10011811 0.05337547 0.02219100 0.03689405 0.04708484 0.06265962 0.05576988 0.00989177 0.02770769 0.07351547
Lag5:
0.09882125 0.05666799 0.03596860 0.05323269 0.01239999 0.06600923 0.03909141 0.07596193 0.02214254 0.05713361 0.10153639 0.05426590 0.02222660 0.03622649 0.04582213 0.06147603 0.05144092 0.01078992 0.02687833 0.07190806
0.08446392 0.06679006 0.03797234 0.05414165 0.01370988 0.07001410 0.04002198 0.07172080 0.02422833 0.05483960 0.09918151 0.05657900 0.02131851 0.03660205 0.04590116 0.06327228 0.05168885 0.01093726 0.02884465 0.06777207
0.07376686 0.05011598 0.05300028 0.05404095 0.01410958 0.06453980 0.04043703 0.06024140 0.02308834 0.06724610 0.09749774 0.06033886 0.02135716 0.04205484 0.04372436 0.06815376 0.05479673 0.01120615 0.03163704 0.06864702
0.08281295 0.05612035 0.03750366 0.05598501 0.01388005 0.07004752 0.03747222 0.06493938 0.02214684 0.06382858 0.10121765 0.05553876 0.02327380 0.04014963 0.04324768 0.06140827 0.05314617 0.01164564 0.03155846 0.07407736
0.07406319 0.05478953 0.04146385 0.05424915 0.02983275 0.06343941 0.03711874 0.07626809 0.02555538 0.05431232 0.09009686 0.05836555 0.02065353 0.03673477 0.05050227 0.06955940 0.05435000 0.01183355 0.03043554 0.06637610
0.08432861 0.05527574 0.03684842 0.05442430 0.01366653 0.07771579 0.03891040 0.06125896 0.02137159 0.06407398 0.10669785 0.06050010 0.02207550 0.04039206 0.04145562 0.05923515 0.04926290 0.01063590 0.03107125 0.07079935
0.08354797 0.05577651 0.03919685 0.05027278 0.01300062 0.06828598 0.05165703 0.06292008 0.02339841 0.05910704 0.10380004 0.05719380 0.02217063 0.03873472 0.04601506 0.06427344 0.05180872 0.01145562 0.02990365 0.06748104
0.08461048 0.05400501 0.03662228 0.05412797 0.01447591 0.06078584 0.03539210 0.08098828 0.02253358 0.06181847 0.09644795 0.04845613 0.02347525 0.03975628 0.04742505 0.06392243 0.05552193 0.01157837 0.02928197 0.07877471
0.08070971 0.05537990 0.03936367 0.05541946 0.01439105 0.06466106 0.04103416 0.06843397 0.03026238 0.05775464 0.09472633 0.05387939 0.02087105 0.03840964 0.05012856 0.06643297 0.05706855 0.01216420 0.03020833 0.06870099
0.07810032 0.05246311 0.04694567 0.05853736 0.01298737 0.06933693 0.03752870 0.07924901 0.02229352 0.06072989 0.08897675 0.06434891 0.02075842 0.03879804 0.04707789 0.06650863 0.05315714 0.00968747 0.02821062 0.06430425
0.08362899 0.05672457 0.04149190 0.05590229 0.01326974 0.06904772 0.04151866 0.07418344 0.02254150 0.05800305 0.09544462 0.05945235 0.02040619 0.03818387 0.04833798 0.06569130 0.05174420 0.01059879 0.02802479 0.06580404
0.07579050 0.05438593 0.04347543 0.05351490 0.01304968 0.07232089 0.03837362 0.06257285 0.02129970 0.06511976 0.09714249 0.07385596 0.02123933 0.03913252 0.04161425 0.06410764 0.05193272 0.01033154 0.03146256 0.06927773
0.08492566 0.05575770 0.04073910 0.05377899 0.01320639 0.06957870 0.03987693 0.07707558 0.02314008 0.05750102 0.09382388 0.05743676 0.02552650 0.03951984 0.04631083 0.06462694 0.05169878 0.01072235 0.02800640 0.06674756
0.07576963 0.05275549 0.04509899 0.05786965 0.01419376 0.06596273 0.03764637 0.07365778 0.02422457 0.05861509 0.09359209 0.05923728 0.02117260 0.04359242 0.04938965 0.06666338 0.05348307 0.01142360 0.03065657 0.06499528
0.08571246 0.05518418 0.03543982 0.05138448 0.01394990 0.06449501 0.03946812 0.06891048 0.02318904 0.05659665 0.09507670 0.05158637 0.02083172 0.03723025 0.06312654 0.06948535 0.05501166 0.01197243 0.02998753 0.07136132
0.07883515 0.05328837 0.04134360 0.05260807 0.01466130 0.06443247 0.04021151 0.06562746 0.02274425 0.05876459 0.09917983 0.05604063 0.02138486 0.03889073 0.04961085 0.07859570 0.05630716 0.01124841 0.02895400 0.06727105
0.08381754 0.05443974 0.04017369 0.05447849 0.01352045 0.06619826 0.03834336 0.06954718 0.02266302 0.05913651 0.09719406 0.05636460 0.02174022 0.03829571 0.04721949 0.06853006 0.05921714 0.01089873 0.02916645 0.06905530
0.07807324 0.05499091 0.04082458 0.05562554 0.01543991 0.06398900 0.04235594 0.07670510 0.02401172 0.05408553 0.09647459 0.05590493 0.02117029 0.04188309 0.05296461 0.06523426 0.05245335 0.01430939 0.03011462 0.06338942
0.07392408 0.05472074 0.04600934 0.06077950 0.01531899 0.06904537 0.03943428 0.07377718 0.02408723 0.05861259 0.08986267 0.06180532 0.02003025 0.04069332 0.04694133 0.06565446 0.05188509 0.01100502 0.03336319 0.06305006
0.08618263 0.05611658 0.04131297 0.05949067 0.01301597 0.06919001 0.03773661 0.08397754 0.02235077 0.05365989 0.08861966 0.05845450 0.02090505 0.03605044 0.04899370 0.06524555 0.05342809 0.01010502 0.02675010 0.06841425
Lag6:
0.09847482 0.05744483 0.03680016 0.05410313 0.01218311 0.06755795 0.03949255 0.07493651 0.02199700 0.05528954 0.09806236 0.05536028 0.02166205 0.03620462 0.04836676 0.06252017 0.05278366 0.01005258 0.02622461 0.07048332
0.08524171 0.06504006 0.03685543 0.05402146 0.01374913 0.06823548 0.03843629 0.07311245 0.02307309 0.05718167 0.09828434 0.05537600 0.02163134 0.03767893 0.04862181 0.06329294 0.05071407 0.01119255 0.02834415 0.06991712
0.07563460 0.04867060 0.05350867 0.05419731 0.01402088 0.06460301 0.03884730 0.06433770 0.02195926 0.06673336 0.09702477 0.06114623 0.02126623 0.04183826 0.04310297 0.06745454 0.05360033 0.01081057 0.03182143 0.06942196
0.08116338 0.05647892 0.03877773 0.05967548 0.01386317 0.06948772 0.03827172 0.06780784 0.02187134 0.06337155 0.09995622 0.05627950 0.02127843 0.04032376 0.04392786 0.06181500 0.05172065 0.01123083 0.03096180 0.07173708
0.07810678 0.05447046 0.04175691 0.05431872 0.03033889 0.06402030 0.03788940 0.07557863 0.02443086 0.05074935 0.08803064 0.05520287 0.02081078 0.03890698 0.05319934 0.07037212 0.05419557 0.01238261 0.03188110 0.06335767
0.08140859 0.05638952 0.03810902 0.05482016 0.01327414 0.07674277 0.03902601 0.06628025 0.02136451 0.06348193 0.10408055 0.06164477 0.02187656 0.03873284 0.04302087 0.05974974 0.04917327 0.01056698 0.02886287 0.07139464
0.08222185 0.05648615 0.03934314 0.05080566 0.01378816 0.06675433 0.05179502 0.06679765 0.02361705 0.05900131 0.10407078 0.05665715 0.02168113 0.03810668 0.04719678 0.06318037 0.05112208 0.01157688 0.02911560 0.06668223
0.08737205 0.05370371 0.03601962 0.05354400 0.01529437 0.06170882 0.03587312 0.08364889 0.02256415 0.06090378 0.09481282 0.05212020 0.02286572 0.03798643 0.04634113 0.06416633 0.05462404 0.01171594 0.02881380 0.07592108
0.07914305 0.05592921 0.04112840 0.05297250 0.01618844 0.06467292 0.03986190 0.07083848 0.02827087 0.05905701 0.09751287 0.05287740 0.02216402 0.04001020 0.04845408 0.06526403 0.05283181 0.01205158 0.03188316 0.06888807
0.07902197 0.05321461 0.04578944 0.05776257 0.01228552 0.07089255 0.03823222 0.07372902 0.02316993 0.06120978 0.09219840 0.06395423 0.02082417 0.03859273 0.04439149 0.06523576 0.05346027 0.00990921 0.02945431 0.06667182
0.08370247 0.05634400 0.04139343 0.05711199 0.01282203 0.07065112 0.04159519 0.06905410 0.02366264 0.05757134 0.09735741 0.05894141 0.02080407 0.03729382 0.04659303 0.06619580 0.05285941 0.01081884 0.02819994 0.06702796
0.07623703 0.05321122 0.04188683 0.05321848 0.01367600 0.07082485 0.03749333 0.06686045 0.02137482 0.06624865 0.09797119 0.07136309 0.02130742 0.04096231 0.04184682 0.06258335 0.05028037 0.01038609 0.03177652 0.07049119
0.08332095 0.05681542 0.04276065 0.05487315 0.01280290 0.06980791 0.03909080 0.07398172 0.02300847 0.05761816 0.09370563 0.05965035 0.02504700 0.03772244 0.04589192 0.06413171 0.05249076 0.01021093 0.03048316 0.06658599
0.07697926 0.05435532 0.04432268 0.05676051 0.01326499 0.06682296 0.03942249 0.07072750 0.02369665 0.05921528 0.09427990 0.05885365 0.02165837 0.04274937 0.04757167 0.06774857 0.05345287 0.01188645 0.03057646 0.06565504
0.08307998 0.05433459 0.03547157 0.05234905 0.01529616 0.06110452 0.03828428 0.06776388 0.02311665 0.05748769 0.09906248 0.04960260 0.02226300 0.04012666 0.06283986 0.06833209 0.05698530 0.01250428 0.02952514 0.07047021
0.07969637 0.05444186 0.04152402 0.05187839 0.01413638 0.06394511 0.04016716 0.06742531 0.02216507 0.05847424 0.09806573 0.05678411 0.02142950 0.03949752 0.04919699 0.08021375 0.05580263 0.01079187 0.02866352 0.06570046
0.08542309 0.05365165 0.04069426 0.05345219 0.01372272 0.06657312 0.03933388 0.07000306 0.02292701 0.05865706 0.09514677 0.05653750 0.02233566 0.03843021 0.04804396 0.06786965 0.05923874 0.01059621 0.02933439 0.06802888
0.07895108 0.05466306 0.03954288 0.05593001 0.01497204 0.06593045 0.03922879 0.07403094 0.02557468 0.05292858 0.09718428 0.05226913 0.02186378 0.04220905 0.05267846 0.06401127 0.05493387 0.01623033 0.03191184 0.06495547
0.07420306 0.05483694 0.04436067 0.05770967 0.01433145 0.06946832 0.04063236 0.07005833 0.02391690 0.05956810 0.09182421 0.06153748 0.02100408 0.03953341 0.04841091 0.06527366 0.05301967 0.01183524 0.03337779 0.06509775
0.08465386 0.05560530 0.04114625 0.05784055 0.01298602 0.06905593 0.03771185 0.08065436 0.02323881 0.05519816 0.09078780 0.05730008 0.02080554 0.03674858 0.04762159 0.06544465 0.05481170 0.01013558 0.02841458 0.06983882
Lag7:
0.09894618 0.05667763 0.03619342 0.05455102 0.01222576 0.06594414 0.03959222 0.07630284 0.02211299 0.05606568 0.09807073 0.05333530 0.02152834 0.03637283 0.04813270 0.06248971 0.05300347 0.01062175 0.02609294 0.07174034
0.08421505 0.06761553 0.03719684 0.05594507 0.01350012 0.06929133 0.04116779 0.07399827 0.02295798 0.05551072 0.09566995 0.05699258 0.02073224 0.03618960 0.04831983 0.06220232 0.04949988 0.01141882 0.02822361 0.06935246
0.07392766 0.04980420 0.05410229 0.05587276 0.01423227 0.06730065 0.03949863 0.06527930 0.02232762 0.06429950 0.09525179 0.06170094 0.02161125 0.03999326 0.04282159 0.06887022 0.05382009 0.01082879 0.03131345 0.06714376
0.08377213 0.05721058 0.04145696 0.06271987 0.01322625 0.07351218 0.03860078 0.06653460 0.02259473 0.06002057 0.09253647 0.05963368 0.02082072 0.03813406 0.04393881 0.06468507 0.05295041 0.01068220 0.02906372 0.06790620
0.07288028 0.05470198 0.04017011 0.05050392 0.03185237 0.05758541 0.03654431 0.07170176 0.02648955 0.05474479 0.09525206 0.05375281 0.02198951 0.04633378 0.04925468 0.06924760 0.05290303 0.01271572 0.03381760 0.06755875
0.08154324 0.06062098 0.04085711 0.06083128 0.01212156 0.08766657 0.04334893 0.06372723 0.02122324 0.05681648 0.08887764 0.06875341 0.01981810 0.03545582 0.04436898 0.06277110 0.04949637 0.00960312 0.02671933 0.06537950
0.08154880 0.05733897 0.04225549 0.05549750 0.01287855 0.07108545 0.05495251 0.06585712 0.02326143 0.05543855 0.09352172 0.05921760 0.02129511 0.03581930 0.04724095 0.06651064 0.05215328 0.01071786 0.02813580 0.06527337
0.09128819 0.05399120 0.03742773 0.05405117 0.01423620 0.06232998 0.03523933 0.08264779 0.02254947 0.05840335 0.09258904 0.05015619 0.02209951 0.03826545 0.04893351 0.06701758 0.05647745 0.01105560 0.02805231 0.07318896
0.08188621 0.05716585 0.04039563 0.05548142 0.01453993 0.06634504 0.04133732 0.07034355 0.02744527 0.05730271 0.09714072 0.05429899 0.02272735 0.03900871 0.04851358 0.06404644 0.05164032 0.01152582 0.03040976 0.06844539
0.07692346 0.05144638 0.04319780 0.05400248 0.01291605 0.06544334 0.03532924 0.07578867 0.02271600 0.06714905 0.09800163 0.06104213 0.02227293 0.04055584 0.04465442 0.06450217 0.05429411 0.01014598 0.03110334 0.06851498
0.08243174 0.05483509 0.03855376 0.05203847 0.01374255 0.06485614 0.03882643 0.06965892 0.02424768 0.06048547 0.10780788 0.05437382 0.02158046 0.04094993 0.04612009 0.06422326 0.05226829 0.01132063 0.03078242 0.07089697
0.07427365 0.05397553 0.04490290 0.05757912 0.01348908 0.07608801 0.03906176 0.06631069 0.02080470 0.06299325 0.09079993 0.07591120 0.01985127 0.03837673 0.04327418 0.06433144 0.05112716 0.00987110 0.02915242 0.06782587
0.08118038 0.05389794 0.03939622 0.05233979 0.01365787 0.06485343 0.03845484 0.07144697 0.02376390 0.06212748 0.10374771 0.05659015 0.02503615 0.04112651 0.04676700 0.06336903 0.05375694 0.01005174 0.02947445 0.06896150
0.07727202 0.05071027 0.04132316 0.05281371 0.01500587 0.06414712 0.03651274 0.06950174 0.02350913 0.06229208 0.10286774 0.05730579 0.02275035 0.04490775 0.04613182 0.06445120 0.05255825 0.01232633 0.03411392 0.06949902
0.08381535 0.05550537 0.03597621 0.05216061 0.01471428 0.06454972 0.04118150 0.07278191 0.02301202 0.05679294 0.09564372 0.05203873 0.02129803 0.03690870 0.06052345 0.06852877 0.05492197 0.01231512 0.02819632 0.06913528
0.07979145 0.05421680 0.04171542 0.05293059 0.01413872 0.06362473 0.03965341 0.06630821 0.02209542 0.05954415 0.09830018 0.05528162 0.02124673 0.03926420 0.04891660 0.07905741 0.05577231 0.01086683 0.02907536 0.06819984
0.08656249 0.05296266 0.04105436 0.05292176 0.01422848 0.06456760 0.03847916 0.07097115 0.02300272 0.05865431 0.09837694 0.05535056 0.02257900 0.03840743 0.04705583 0.06800012 0.05853032 0.01088452 0.02945070 0.06795990
0.08160261 0.05335122 0.03878111 0.05201246 0.01824494 0.06269794 0.03733143 0.07077679 0.02362747 0.05761827 0.10309897 0.05378429 0.02296002 0.04221096 0.04878853 0.06135387 0.04972171 0.01857433 0.03422711 0.06923597
0.07327896 0.05307220 0.04432979 0.05529271 0.01448006 0.06661833 0.03825116 0.07034131 0.02376751 0.06156660 0.09643180 0.06070176 0.02255666 0.04119581 0.04649305 0.06419736 0.05278865 0.01243650 0.03572789 0.06647189
0.08449787 0.05478319 0.03969234 0.05423744 0.01299746 0.06516064 0.03660874 0.08032703 0.02294852 0.05872765 0.09645939 0.05670569 0.02238661 0.03834121 0.04890145 0.06193214 0.05464805 0.01048515 0.02854999 0.07160941

0.142857 0.142857 0.142857 0.142857 0.142857 0.142857 0.142857