Lag1:
0.10450584 0.05648800 0.03435401 0.05350555 0.01278301 0.06788673 0.03974011 0.07541840 0.02089810 0.05697341 0.10281228 0.05480877 0.02338127 0.03595655 0.04180101 0.06111417 0.05094517 0.01017343 0.02564894 0.07080527
0.07989565 0.06926483 0.03853007 0.05511309 0.01319292 0.07129024 0.04220973 0.06618411 0.02491599 0.05872002 0.09863528 0.05694744 0.02230559 0.04106447 0.04457078 0.05973446 0.04737925 0.01149796 0.03134294 0.06720518
0.07365676 0.04861746 0.05530101 0.05020064 0.01419184 0.06072677 0.03850798 0.07039483 0.02203118 0.06772102 0.09417594 0.05916286 0.02170106 0.04071560 0.05565931 0.06535503 0.05069057 0.01165726 0.03284415 0.06668873
0.08160124 0.05065185 0.03757598 0.05744472 0.01315354 0.07346823 0.03262703 0.07094447 0.02079486 0.06664044 0.09969232 0.05417322 0.02173520 0.04357120 0.04718697 0.06018981 0.04852711 0.01288521 0.03425069 0.07288590
0.06835529 0.05661318 0.04089706 0.05441432 0.02289480 0.05812458 0.03896696 0.08873365 0.02804841 0.05292407 0.09179798 0.05144689 0.01799226 0.04065253 0.05437818 0.07462813 0.05123542 0.01244071 0.03222889 0.06322667
0.08593830 0.05920628 0.04362843 0.05498723 0.01144455 0.08517231 0.04230572 0.06170706 0.02128893 0.06415192 0.09707578 0.07021611 0.02384390 0.03467252 0.03503534 0.05288146 0.05030683 0.01026531 0.02710557 0.06876646
0.08872172 0.06040157 0.03896172 0.04576244 0.01262698 0.06644980 0.06074027 0.06398263 0.02443999 0.05792171 0.10131898 0.05807396 0.02339703 0.03556372 0.04736971 0.05760355 0.04975122 0.01157686 0.02803941 0.06729673
0.07904534 0.05652019 0.03633869 0.05306590 0.01441350 0.06269925 0.03655493 0.08084130 0.02433429 0.06234561 0.09177280 0.06216094 0.02371295 0.04173638 0.03870489 0.06553675 0.05443635 0.01219719 0.03145473 0.07212804
0.07327642 0.05740290 0.03828209 0.04659932 0.01691803 0.05318996 0.04193648 0.07609590 0.03308699 0.06051642 0.10300772 0.04654605 0.02012833 0.04467314 0.06086699 0.06472168 0.05184932 0.01187461 0.03476775 0.06425991
0.08381181 0.05228610 0.04536409 0.06279165 0.01484007 0.07014937 0.03549577 0.06976203 0.02241942 0.06077203 0.08898921 0.05889355 0.01894374 0.03698161 0.04873138 0.06765251 0.05680071 0.00936021 0.02923601 0.06671874
0.08778811 0.05785940 0.04091689 0.05640596 0.01368497 0.06756112 0.04045185 0.06873215 0.02322157 0.05329231 0.09729856 0.05948909 0.02052908 0.03706438 0.05113403 0.06937910 0.05424019 0.01003744 0.02634981 0.06456401
0.08016398 0.05651209 0.04597661 0.05558234 0.01155461 0.07845785 0.03969993 0.06268695 0.02085498 0.06203194 0.09190000 0.07532920 0.02131778 0.03233977 0.04407348 0.05988976 0.05404306 0.00956866 0.03051328 0.06750374
0.08897504 0.05453968 0.04210339 0.05603720 0.01227476 0.06584056 0.03957332 0.07369567 0.02240806 0.05645381 0.09655322 0.05931653 0.02769799 0.03530612 0.04833774 0.06082559 0.05344330 0.00867089 0.02575710 0.07219004
0.07445285 0.04921686 0.04310995 0.06231510 0.01688584 0.06268317 0.03501936 0.07542048 0.02377800 0.05988878 0.09485477 0.05254988 0.02045915 0.04334997 0.04345533 0.07517909 0.05590462 0.01191905 0.03270817 0.06684958
0.08128078 0.04810047 0.03716182 0.05518732 0.01230384 0.07713240 0.04050915 0.07663132 0.02325329 0.05043618 0.09063049 0.04950518 0.01973289 0.03910590 0.05816667 0.07067048 0.05419890 0.01128501 0.02994559 0.07476234
0.07418725 0.05330790 0.04012419 0.05221926 0.01468800 0.05930527 0.03902028 0.07721591 0.02313941 0.05640471 0.09731870 0.05371900 0.02071819 0.04092951 0.05033017 0.08592019 0.05517310 0.01153141 0.02921111 0.06553642
0.08118063 0.04965653 0.03783436 0.05194864 0.01439537 0.05939903 0.03532253 0.07819792 0.02260002 0.05968810 0.10161585 0.04963987 0.02034422 0.03942141 0.05740667 0.06745729 0.06015638 0.01120581 0.02805095 0.07447841
0.07139020 0.06054348 0.04541416 0.05609979 0.01552915 0.05812318 0.04872582 0.06394054 0.02489496 0.05817607 0.11081086 0.05684510 0.02492747 0.04225195 0.03860742 0.06272991 0.04979138 0.01580621 0.03093116 0.06446119
0.07089963 0.05822152 0.04373271 0.05822929 0.01648336 0.06166791 0.04249075 0.07548512 0.02514905 0.05722271 0.09701442 0.05287079 0.01957867 0.04470513 0.04524295 0.06609251 0.05252640 0.01230263 0.03502037 0.06506405
0.08560531 0.05349301 0.03954439 0.05867502 0.01434747 0.06948140 0.03446069 0.06666297 0.02080907 0.06092087 0.09551223 0.05665474 0.02205869 0.03752604 0.04777418 0.06545149 0.05770044 0.01021570 0.02722274 0.07588352
Lag2:
0.10478014 0.06007383 0.03505576 0.04919842 0.01306858 0.06697975 0.03992415 0.07514295 0.02177168 0.05768962 0.10075062 0.05629396 0.02260188 0.03547507 0.04185188 0.06038327 0.05040870 0.00995640 0.02691080 0.07168254
0.08534554 0.06917029 0.03489897 0.04696882 0.01342115 0.06234747 0.03944422 0.07451166 0.02473194 0.06047305 0.10863096 0.05478743 0.02312177 0.03993460 0.04362095 0.05826199 0.04765088 0.01260201 0.03056571 0.06951059
0.06865274 0.04818779 0.05534582 0.05535672 0.01334195 0.06313804 0.03808736 0.06080868 0.02197506 0.06848474 0.10107288 0.06073965 0.02099098 0.04187446 0.04774497 0.06731140 0.05672798 0.01108150 0.03232486 0.06675242
0.07976112 0.04903224 0.03862236 0.06094906 0.01298452 0.06936875 0.03546996 0.05896660 0.02054786 0.06919937 0.10596299 0.05427273 0.02189442 0.04112503 0.04477781 0.06333537 0.05078932 0.01113690 0.03143762 0.08036597
0.07589233 0.05446845 0.04456569 0.05327650 0.02496165 0.06382061 0.03888588 0.07277097 0.02540843 0.05575575 0.08712161 0.05800699 0.02049531 0.03958182 0.05028203 0.07084770 0.05194922 0.01132771 0.03024812 0.07033324
0.08340920 0.05250324 0.03468355 0.05096355 0.01353154 0.07658171 0.03742958 0.06737813 0.01934677 0.06862829 0.11226687 0.05916661 0.02483413 0.04139904 0.03924297 0.05501656 0.04774991 0.01088113 0.03049494 0.07449226
0.08185800 0.05629498 0.03699294 0.04587192 0.01306418 0.06434203 0.05525162 0.06511015 0.02314563 0.06337707 0.11423247 0.05459935 0.02356782 0.03908818 0.04491954 0.05952186 0.04738261 0.01154673 0.02948921 0.07034372
0.07961804 0.05383604 0.03692979 0.05472785 0.01422852 0.05725406 0.03314152 0.08485353 0.02118892 0.06160988 0.08928868 0.05361642 0.02234024 0.03781155 0.05426271 0.06763931 0.06034134 0.01103698 0.02960628 0.07666836
0.07600680 0.05497848 0.04014327 0.05979987 0.01461594 0.06154076 0.03923173 0.07329339 0.03242457 0.05905034 0.10237210 0.05027510 0.02098317 0.04127523 0.04941292 0.06289689 0.04938079 0.01215881 0.03064364 0.06951621
0.08336852 0.05650082 0.04818527 0.06108636 0.01308377 0.07463212 0.04104505 0.07359357 0.02381453 0.05347186 0.08100808 0.06285205 0.01933325 0.03659747 0.04587843 0.06803430 0.05621694 0.00951303 0.02833552 0.06344904
0.08657043 0.05911388 0.04408548 0.06127391 0.01326689 0.07722575 0.04420955 0.07137327 0.02400456 0.05002323 0.08870339 0.06296583 0.01960108 0.03497095 0.04741048 0.06671235 0.05069988 0.01050333 0.02656993 0.06071583
0.07639022 0.05305981 0.04108106 0.04806822 0.01297225 0.06533141 0.03701541 0.06832492 0.02132273 0.06969978 0.10524265 0.07192066 0.02290348 0.04204498 0.03977300 0.05949252 0.05081537 0.01115538 0.03310474 0.07028141
0.08401175 0.05824982 0.04076324 0.05781036 0.01354053 0.07491960 0.04284367 0.07174763 0.02387054 0.05413142 0.08911342 0.06062487 0.02558566 0.03959756 0.04418612 0.06265866 0.05103727 0.01101007 0.02971388 0.06458394
0.07581627 0.05484744 0.04748704 0.06172486 0.01467061 0.06903466 0.04126965 0.07411551 0.02513488 0.05404552 0.08517603 0.06086891 0.01984562 0.03989362 0.04959076 0.06847636 0.05397774 0.01125795 0.02971956 0.06304701
0.07974555 0.05027375 0.03599458 0.05219381 0.01416105 0.06109000 0.03798652 0.07419146 0.02477346 0.05626702 0.09330948 0.04825582 0.02192780 0.03955188 0.06741771 0.07087501 0.05893201 0.01224819 0.03028885 0.07051604
0.07704174 0.05119770 0.04088961 0.05314777 0.01447247 0.06431076 0.03731312 0.06945493 0.02171614 0.05915976 0.09939168 0.05348084 0.02095932 0.03980972 0.05053636 0.08502696 0.05540669 0.01143747 0.03004174 0.06520522
0.08317399 0.05318980 0.04074831 0.05464049 0.01347865 0.07123034 0.03760659 0.06800651 0.02277532 0.05731811 0.09393113 0.05704894 0.02106763 0.03795607 0.04949478 0.07037026 0.06367807 0.01052908 0.02819449 0.06556145
0.07624510 0.06025343 0.04362299 0.05936177 0.01589071 0.06831042 0.04403218 0.07186688 0.02460346 0.04995248 0.08793524 0.06172125 0.02136008 0.03912100 0.05137176 0.06501657 0.05225323 0.01654161 0.02927389 0.06126596
0.07290734 0.05614336 0.04697874 0.06077495 0.01664461 0.06548721 0.04135572 0.07109919 0.02671150 0.05693495 0.08961905 0.06002370 0.02032656 0.04014493 0.04889323 0.06504611 0.05348974 0.01151279 0.03316444 0.06274189
0.08988564 0.05565928 0.04063431 0.06073187 0.01396056 0.07197981 0.03730964 0.07637667 0.02243667 0.05448361 0.08682738 0.05581174 0.02080871 0.03713832 0.04590394 0.06527311 0.05419225 0.00976766 0.02706152 0.07375730
Lag3:
0.10393794 0.05808473 0.03611894 0.05237300 0.01263767 0.06714343 0.03949570 0.07347649 0.02226121 0.05770721 0.10027302 0.05328975 0.02221230 0.03608100 0.04560568 0.06051483 0.05138070 0.01013079 0.02675128 0.07052430
0.08570791 0.06862041 0.03632733 0.05614329 0.01228443 0.07087798 0.04149131 0.07277974 0.02253768 0.05522173 0.09837888 0.05669199 0.02164482 0.03793759 0.04425907 0.06343813 0.04951637 0.01104182 0.02804025 0.06705925
0.06831105 0.05177560 0.05555078 0.05447758 0.01311617 0.06303339 0.03800737 0.06361194 0.02176677 0.06712626 0.09758630 0.06399160 0.02032166 0.04163801 0.04355546 0.06753388 0.05501884 0.01103239 0.03259567 0.06994928
0.07920250 0.06077541 0.04055006 0.05831210 0.01214939 0.06866535 0.03601724 0.06682530 0.02178818 0.06321154 0.09305517 0.06506504 0.02014226 0.03868785 0.04235016 0.06238699 0.05630692 0.01080645 0.03024217 0.07345993
0.07404633 0.04726785 0.04136985 0.05141764 0.05345312 0.05462372 0.03363250 0.07512771 0.02593706 0.05621811 0.09599280 0.04807735 0.02147693 0.03952281 0.05095079 0.06673737 0.05401881 0.01210634 0.03188775 0.06613515
0.08317561 0.06773626 0.03879602 0.05790173 0.01147825 0.08491371 0.04281211 0.06330118 0.02007847 0.05607930 0.09031786 0.07667404 0.01940978 0.03512079 0.04288350 0.05977367 0.04856661 0.00983656 0.02708399 0.06406056
0.08284510 0.05815203 0.04033041 0.05394502 0.01266198 0.07232305 0.05686239 0.06426254 0.02302303 0.05700150 0.09763823 0.05852473 0.02087768 0.03670658 0.04624018 0.06478475 0.05021927 0.01095179 0.02787283 0.06477691
0.08344491 0.05153553 0.03420226 0.04812321 0.01406571 0.05550571 0.03213367 0.08479384 0.02327853 0.06475296 0.09518315 0.04894173 0.02194157 0.04168637 0.05123320 0.06440280 0.05748049 0.01095691 0.03066392 0.08567352
0.07495192 0.05798560 0.04246935 0.05465753 0.01576003 0.06526317 0.04110054 0.07042640 0.03243391 0.05577302 0.09351662 0.05294181 0.02133654 0.04027493 0.04996228 0.06644036 0.05510829 0.01179959 0.03116382 0.06663430
0.08294909 0.04770357 0.04565523 0.05663643 0.01371608 0.06523686 0.03593215 0.07772627 0.02310709 0.06550039 0.09998454 0.05573753 0.02278891 0.03985500 0.04317213 0.06396825 0.05336177 0.01078183 0.02982262 0.06636425
0.08731747 0.05404727 0.03963619 0.05320941 0.01408786 0.06755049 0.04025959 0.07061476 0.02433677 0.05858170 0.10890627 0.05560112 0.02326423 0.03913557 0.04429770 0.06399573 0.04992029 0.01142407 0.02973777 0.06407573
0.07379005 0.05366614 0.04384307 0.05777015 0.01145383 0.08164937 0.04136778 0.06611521 0.02032089 0.06227136 0.09304316 0.07709108 0.01924404 0.03813817 0.04251670 0.06317806 0.04920656 0.00952321 0.02896414 0.06684704
0.08781101 0.05252023 0.04077596 0.05454945 0.01436172 0.06473410 0.03767760 0.07311378 0.02363935 0.05815498 0.10052519 0.05328407 0.02798220 0.04030684 0.04286044 0.06392261 0.05222329 0.01165020 0.03108252 0.06882447
0.07689277 0.05095470 0.04384192 0.05773651 0.01401664 0.06512569 0.03717460 0.06996678 0.02440143 0.05849246 0.09927843 0.05491174 0.02390429 0.04496636 0.04858020 0.06714558 0.05261586 0.01308023 0.03217999 0.06473383
0.08101964 0.05567003 0.03396199 0.04938785 0.01455908 0.06278560 0.03991892 0.06637419 0.02232245 0.05898039 0.09302673 0.05204061 0.02120981 0.03790576 0.06809584 0.06883070 0.05768173 0.01176303 0.02903965 0.07542599
0.07591819 0.05224673 0.04308632 0.05697949 0.01380526 0.06904554 0.04080034 0.06860733 0.02260229 0.05554841 0.09191216 0.05506104 0.02023424 0.03841994 0.05144246 0.08321694 0.05634025 0.01082527 0.02902957 0.06487824
0.08139431 0.05223040 0.04238341 0.05679350 0.01362417 0.06866635 0.04145759 0.07317589 0.02319174 0.05720715 0.08920766 0.05401583 0.02094789 0.03775949 0.05030307 0.06942683 0.06055503 0.01093057 0.02886275 0.06786637
0.07734919 0.05709557 0.04333792 0.05829241 0.01379892 0.06560118 0.03921330 0.07572944 0.02462296 0.04914007 0.09353646 0.05302629 0.02231375 0.04252853 0.05344628 0.06563468 0.04998636 0.01670630 0.03214099 0.06649942
0.07208984 0.05262646 0.04528482 0.05999073 0.01404507 0.06756876 0.03973674 0.06844336 0.02375748 0.05943813 0.09330622 0.05837564 0.02293916 0.04115996 0.04928787 0.06665578 0.05276819 0.01163719 0.03551105 0.06537754
0.08907689 0.05002499 0.04027227 0.05711799 0.01387896 0.06457863 0.03513912 0.08079185 0.02304628 0.05876372 0.09655239 0.05202987 0.02313581 0.03713077 0.04669444 0.06455484 0.05469028 0.01079042 0.02851966 0.07321083
Lag4:
0.11500056 0.05686390 0.03387558 0.05141378 0.01247438 0.06461172 0.03753381 0.08128642 0.02178230 0.05381676 0.09696951 0.05222894 0.02096810 0.03522712 0.04547947 0.06152999 0.05071172 0.01046868 0.02703195 0.07072531
0.08272488 0.06797873 0.03624029 0.05584944 0.01288446 0.07873380 0.04153238 0.06878535 0.02246935 0.05718610 0.09650921 0.05539050 0.02124666 0.03602614 0.04793039 0.06269070 0.04963726 0.01106344 0.02795044 0.06717048
0.07318663 0.05094509 0.05538912 0.05259811 0.01331777 0.06467064 0.03978855 0.06182988 0.02253955 0.06691694 0.09249393 0.06253291 0.02179897 0.04103879 0.04259912 0.06963075 0.05552474 0.01143224 0.03241777 0.06934849
0.08497241 0.06019599 0.04106199 0.05799477 0.01286990 0.07132164 0.03919201 0.06139651 0.02202770 0.06227496 0.09388456 0.06030083 0.02113415 0.03996582 0.04304705 0.06202012 0.05153288 0.01118146 0.03086509 0.07276017
0.07185668 0.04909759 0.04315063 0.05300401 0.02838519 0.05765254 0.03616302 0.09192429 0.02704869 0.05433974 0.09517938 0.04995551 0.02157224 0.04741445 0.04747985 0.06753631 0.05148745 0.01243867 0.03154795 0.06276582
0.08319892 0.06565066 0.04000045 0.05556091 0.01114280 0.08411601 0.04534886 0.05831727 0.02175275 0.05623812 0.09271868 0.07551805 0.01938330 0.03506055 0.04205848 0.06109846 0.04985182 0.01007538 0.02816253 0.06474599
0.07986285 0.05569531 0.04204826 0.06102202 0.01185611 0.07815440 0.05676658 0.06161106 0.02364069 0.05482351 0.09539820 0.05809355 0.02069654 0.03607720 0.04573318 0.06436022 0.05132804 0.01203488 0.02747585 0.06332154
0.08977075 0.05585429 0.03595045 0.05235853 0.01387352 0.05981781 0.03425956 0.08438206 0.02204702 0.05849165 0.09271245 0.04833125 0.02086808 0.03965606 0.04965972 0.06749171 0.05675382 0.01114414 0.02993695 0.07664017
0.07528855 0.05417574 0.03869203 0.05372239 0.01440625 0.06477559 0.04148713 0.06687459 0.03474795 0.05891119 0.09898796 0.05472017 0.02272702 0.03908527 0.04939043 0.06440704 0.05394627 0.01103992 0.03031512 0.07229939
0.07461599 0.04983742 0.04515173 0.05656328 0.01472555 0.06362270 0.03551160 0.07369872 0.02322989 0.06779452 0.10206049 0.05974711 0.02384044 0.03996802 0.04293100 0.06336845 0.05500583 0.00996206 0.02929944 0.06906576
0.08028693 0.05238397 0.03966095 0.05491145 0.01460609 0.06448323 0.03925600 0.07817781 0.02298212 0.06005340 0.10710959 0.05352213 0.02274838 0.04034811 0.04792034 0.06272341 0.05045403 0.01078516 0.02978422 0.06780266
0.07346570 0.05130682 0.04263471 0.05924468 0.01304373 0.08650666 0.04005046 0.05959832 0.02031620 0.06432989 0.09143622 0.07538946 0.01970545 0.03791102 0.04247860 0.06385915 0.05188411 0.01015949 0.02929349 0.06738582
0.08194426 0.05211727 0.04080901 0.05524934 0.01399002 0.06565673 0.03875544 0.08161113 0.02408786 0.05872338 0.09862979 0.05430915 0.02815716 0.04104313 0.04507166 0.06212667 0.04981140 0.01131932 0.03024562 0.06634166
0.07217449 0.05009583 0.04317817 0.05582082 0.01687087 0.06058795 0.03647129 0.07315433 0.02451169 0.05846422 0.10080202 0.05622850 0.02357171 0.04800288 0.04698567 0.06607536 0.05387543 0.01203724 0.03318937 0.06790216
0.08613989 0.05670808 0.03610707 0.05083597 0.01272389 0.06635160 0.04030036 0.07195531 0.02296817 0.05484924 0.08795859 0.05421644 0.01960345 0.03707056 0.06745440 0.06919607 0.05544955 0.01172364 0.02897071 0.06941701
0.08059281 0.05404316 0.04245508 0.05237701 0.01352553 0.06203154 0.03917257 0.06749673 0.02251805 0.05734581 0.09387799 0.05738919 0.02076499 0.03915462 0.05013593 0.08484843 0.05644930 0.01105799 0.02940871 0.06535458
0.08233166 0.05217415 0.04186451 0.05219527 0.01383019 0.06354767 0.03756041 0.06643966 0.02270091 0.06306022 0.09846963 0.05490199 0.02355651 0.03814503 0.04945397 0.06784380 0.05959069 0.01151515 0.02892629 0.07189227
0.07305381 0.06097167 0.04497159 0.05466372 0.01769461 0.06258168 0.04301917 0.07872699 0.02771069 0.05107361 0.09022438 0.05350927 0.02181410 0.04189532 0.04838734 0.06529030 0.05418096 0.01621573 0.03234549 0.06166959
0.06731095 0.05427952 0.04561663 0.05811289 0.01622480 0.06409804 0.04010819 0.06911005 0.02409902 0.06055018 0.09543960 0.06317504 0.02289848 0.04008918 0.04673064 0.06437070 0.05300022 0.01230506 0.03489232 0.06758850
0.08200442 0.05221955 0.04053616 0.05934018 0.01477096 0.06487405 0.03508325 0.08010513 0.02229662 0.05954196 0.10002303 0.05340907 0.02228969 0.03693729 0.04710302 0.06258921 0.05570645 0.00988045 0.02780763 0.07348187
Lag5:
0.09875641 0.05659711 0.03603396 0.05335900 0.01240210 0.06619821 0.03912861 0.07588889 0.02219963 0.05714433 0.10138891 0.05426743 0.02228118 0.03620573 0.04566550 0.06137120 0.05140581 0.01079316 0.02696384 0.07194899
0.08446504 0.06663086 0.03807855 0.05430272 0.01372293 0.07025193 0.04015079 0.07165173 0.02436438 0.05482266 0.09880897 0.05649923 0.02143714 0.03657962 0.04583235 0.06312857 0.05160755 0.01094559 0.02897716 0.06774222
0.07383605 0.05000096 0.05312784 0.05415389 0.01415502 0.06457727 0.04041479 0.06030260 0.02297254 0.06716900 0.09738931 0.06015866 0.02142223 0.04190823 0.04374063 0.06808947 0.05476981 0.01124653 0.03173306 0.06883212
0.08279902 0.05601311 0.03749364 0.05605285 0.01390585 0.07007007 0.03746541 0.06507987 0.02220351 0.06371222 0.10091001 0.05549519 0.02331670 0.04018543 0.04320140 0.06145839 0.05318577 0.01168701 0.03158912 0.07417544
0.07395420 0.05470918 0.04161323 0.05439721 0.02976863 0.06355406 0.03714905 0.07635728 0.02554372 0.05444221 0.08993600 0.05818358 0.02073487 0.03680130 0.05048927 0.06930076 0.05423333 0.01184844 0.03053529 0.06644838
0.08439864 0.05524410 0.03684028 0.05455469 0.01369677 0.07773548 0.03885803 0.06129468 0.02133557 0.06392414 0.10656823 0.06050343 0.02214364 0.04046246 0.04146445 0.05921315 0.04920855 0.01066020 0.03115144 0.07074205
0.08364214 0.05557736 0.03924419 0.05037530 0.01306088 0.06844032 0.05173216 0.06299625 0.02343767 0.05888739 0.10353696 0.05703405 0.02222339 0.03872106 0.04604174 0.06422405 0.05172729 0.01151720 0.03003960 0.06754098
0.08463940 0.05385490 0.03665039 0.05423744 0.01444304 0.06088753 0.03537134 0.08082024 0.02260150 0.06182792 0.09640220 0.04834432 0.02351296 0.03983709 0.04741285 0.06389318 0.05553189 0.01158756 0.02934613 0.07879813
0.08076344 0.05525091 0.03935700 0.05546897 0.01440872 0.06475328 0.04104161 0.06839041 0.03035481 0.05776442 0.09447885 0.05377877 0.02091580 0.03834102 0.05011695 0.06636847 0.05719434 0.01221857 0.03027467 0.06875897
0.07809151 0.05250714 0.04709713 0.05858795 0.01300649 0.06969391 0.03761730 0.07908359 0.02236066 0.06049599 0.08862254 0.06427764 0.02087129 0.03882582 0.04702191 0.06646796 0.05302429 0.00970710 0.02836339 0.06427639
0.08353716 0.05675249 0.04161501 0.05611524 0.01324505 0.06939455 0.04163198 0.07409957 0.02262092 0.05784183 0.09490537 0.05949840 0.02050502 0.03807506 0.04834997 0.06561165 0.05174209 0.01058212 0.02813063 0.06574592
0.07583484 0.05414958 0.04362598 0.05364822 0.01306410 0.07255319 0.03841128 0.06243359 0.02145604 0.06492846 0.09694771 0.07355120 0.02131955 0.03916263 0.04180624 0.06402662 0.05179593 0.01035596 0.03157397 0.06935490
0.08483862 0.05575988 0.04079361 0.05385408 0.01321343 0.06965866 0.03992235 0.07721618 0.02319070 0.05741460 0.09357528 0.05732361 0.02554134 0.03945931 0.04633074 0.06460621 0.05172746 0.01071696 0.02804790 0.06680906
0.07581987 0.05269518 0.04528113 0.05809362 0.01421775 0.06619272 0.03767110 0.07378669 0.02427300 0.05846787 0.09318286 0.05911804 0.02124093 0.04343954 0.04922747 0.06673110 0.05347170 0.01144293 0.03083031 0.06481616
0.08573675 0.05499952 0.03547105 0.05144904 0.01396544 0.06472048 0.03955234 0.06916063 0.02321696 0.05650283 0.09462974 0.05155323 0.02093726 0.03717768 0.06305960 0.06941935 0.05509786 0.01198189 0.03006043 0.07130793
0.07868471 0.05313392 0.04138748 0.05273752 0.01462655 0.06461479 0.04020292 0.06578880 0.02276148 0.05874673 0.09886852 0.05595141 0.02149888 0.03889378 0.04949960 0.07852773 0.05635926 0.01127338 0.02908263 0.06735993
0.08359074 0.05441570 0.04032394 0.05459922 0.01357120 0.06640079 0.03830334 0.06983673 0.02276376 0.05906284 0.09693618 0.05610353 0.02185961 0.03825622 0.04717778 0.06846143 0.05922235 0.01089264 0.02922048 0.06900153
0.07803052 0.05495748 0.04096657 0.05580032 0.01541897 0.06420876 0.04250886 0.07688778 0.02390762 0.05400285 0.09579330 0.05601467 0.02122794 0.04194405 0.05302488 0.06529658 0.05250625 0.01421596 0.03024397 0.06304269
0.07397594 0.05459419 0.04607982 0.06070214 0.01527061 0.06916799 0.03957511 0.07374959 0.02424457 0.05832089 0.08953809 0.06184297 0.02011296 0.04070761 0.04699103 0.06574822 0.05194494 0.01102890 0.03350754 0.06289688
0.08623121 0.05610102 0.04136311 0.05960325 0.01298695 0.06946467 0.03776593 0.08379419 0.02240205 0.05361553 0.08840457 0.05839678 0.02096407 0.03601928 0.04894861 0.06519167 0.05338656 0.01010523 0.02683192 0.06842338
Lag6:
0.09859566 0.05732600 0.03682147 0.05414973 0.01211542 0.06779355 0.03953866 0.07479891 0.02208438 0.05529182 0.09788047 0.05521898 0.02176745 0.03616268 0.04835037 0.06245488 0.05276643 0.01007944 0.02627248 0.07053123
0.08519486 0.06492625 0.03693944 0.05408916 0.01372163 0.06858290 0.03849609 0.07325969 0.02319237 0.05701533 0.09793384 0.05515950 0.02163678 0.03770182 0.04863294 0.06317110 0.05068593 0.01120671 0.02849451 0.06995917
0.07559651 0.04865492 0.05372098 0.05433456 0.01408240 0.06476125 0.03878008 0.06444829 0.02200515 0.06650676 0.09674381 0.06089791 0.02134981 0.04169876 0.04287075 0.06753836 0.05362367 0.01084327 0.03199517 0.06954758
0.08116073 0.05651897 0.03879941 0.05977856 0.01391189 0.06952677 0.03824339 0.06781356 0.02187629 0.06335248 0.09977385 0.05623212 0.02136312 0.04032035 0.04385064 0.06175039 0.05172432 0.01124284 0.03106219 0.07169812
0.07808084 0.05437331 0.04182811 0.05446220 0.03029141 0.06423663 0.03792111 0.07538703 0.02452478 0.05078875 0.08789452 0.05514402 0.02087596 0.03894730 0.05316127 0.07023835 0.05412090 0.01235551 0.03199750 0.06337051
0.08142233 0.05632230 0.03814496 0.05496129 0.01329844 0.07686164 0.03902726 0.06634668 0.02140410 0.06330843 0.10402026 0.06162338 0.02194875 0.03873683 0.04299718 0.05972867 0.04907667 0.01057022 0.02891520 0.07128540
0.08217374 0.05627106 0.03939718 0.05089615 0.01384980 0.06698678 0.05189344 0.06690073 0.02363736 0.05882240 0.10387578 0.05657832 0.02178241 0.03805122 0.04719070 0.06313277 0.05107136 0.01158515 0.02918897 0.06671469
0.08744381 0.05360339 0.03600075 0.05356731 0.01530355 0.06180572 0.03592582 0.08364264 0.02256988 0.06086191 0.09467338 0.05205348 0.02290976 0.03802373 0.04630254 0.06408175 0.05460599 0.01171377 0.02890295 0.07600787
0.07901374 0.05593170 0.04122411 0.05301628 0.01617345 0.06476954 0.03985633 0.07102882 0.02830273 0.05881638 0.09730655 0.05282175 0.02223029 0.03997352 0.04849777 0.06510874 0.05288511 0.01202747 0.03201166 0.06900405
0.07897099 0.05321052 0.04595792 0.05786260 0.01229873 0.07103627 0.03826757 0.07343379 0.02327807 0.06117268 0.09186142 0.06391537 0.02086303 0.03864795 0.04428612 0.06519758 0.05344141 0.00996215 0.02954913 0.06678673
0.08361457 0.05631309 0.04140551 0.05734659 0.01277223 0.07089888 0.04171611 0.06901111 0.02372899 0.05757210 0.09694086 0.05895924 0.02087178 0.03724252 0.04659838 0.06609867 0.05281378 0.01083489 0.02828997 0.06697073
0.07615151 0.05305850 0.04202791 0.05338052 0.01372019 0.07128916 0.03761495 0.06679966 0.02146790 0.06595960 0.09755391 0.07121318 0.02138774 0.04089700 0.04191055 0.06238011 0.05021703 0.01045298 0.03195400 0.07056358
0.08309642 0.05687388 0.04280550 0.05488778 0.01279018 0.07004607 0.03904940 0.07418590 0.02301730 0.05757612 0.09342963 0.05965699 0.02508759 0.03773673 0.04597553 0.06408431 0.05251326 0.01021679 0.03052975 0.06644086
0.07706140 0.05436791 0.04440943 0.05693259 0.01321568 0.06703166 0.03947090 0.07073151 0.02368037 0.05907702 0.09384293 0.05884924 0.02176770 0.04262706 0.04758193 0.06775041 0.05345036 0.01189339 0.03068095 0.06557756
0.08312346 0.05406441 0.03552584 0.05238067 0.01531028 0.06117798 0.03829811 0.06781060 0.02319579 0.05746132 0.09874966 0.04957672 0.02234543 0.04021598 0.06281779 0.06831649 0.05693925 0.01251094 0.02964797 0.07053130
0.07967792 0.05428067 0.04163705 0.05200353 0.01418439 0.06409751 0.04017755 0.06760829 0.02221657 0.05836926 0.09773234 0.05660888 0.02157316 0.03938744 0.04911505 0.08034430 0.05576348 0.01080854 0.02876530 0.06564876
0.08537032 0.05341891 0.04087522 0.05357290 0.01378487 0.06673843 0.03933453 0.07010091 0.02290367 0.05845258 0.09485604 0.05644504 0.02248969 0.03846902 0.04800341 0.06793819 0.05922680 0.01061311 0.02942288 0.06798348
0.07887436 0.05466256 0.03953006 0.05613112 0.01486407 0.06612122 0.03925434 0.07418567 0.02564584 0.05279622 0.09648153 0.05233863 0.02196714 0.04227364 0.05271015 0.06405892 0.05509292 0.01616146 0.03206812 0.06478201
0.07429769 0.05482614 0.04446317 0.05787525 0.01433894 0.06961195 0.04068166 0.06996068 0.02397350 0.05948019 0.09150830 0.06134895 0.02105929 0.03951507 0.04846412 0.06524108 0.05303380 0.01187757 0.03345035 0.06499230
0.08464350 0.05553561 0.04125451 0.05799597 0.01297188 0.06916633 0.03771857 0.08051233 0.02333130 0.05520565 0.09061618 0.05724612 0.02086586 0.03678353 0.04754500 0.06530081 0.05486492 0.01009816 0.02848697 0.06985680
Lag7:
0.09905240 0.05649425 0.03623937 0.05463131 0.01219042 0.06612462 0.03963222 0.07638641 0.02217008 0.05602868 0.09790784 0.05318850 0.02160037 0.03642880 0.04807503 0.06229828 0.05294951 0.01063120 0.02618097 0.07178974
0.08416824 0.06757057 0.03726560 0.05609311 0.01345890 0.06953736 0.04131331 0.07390893 0.02301671 0.05551382 0.09542690 0.05680455 0.02081068 0.03616148 0.04818874 0.06219291 0.04951976 0.01143650 0.02827022 0.06934170
0.07393863 0.04959718 0.05430790 0.05601656 0.01429266 0.06740788 0.03942376 0.06534596 0.02237907 0.06413121 0.09484345 0.06161688 0.02169264 0.03997086 0.04281363 0.06895632 0.05378051 0.01085525 0.03142126 0.06720840
0.08372802 0.05723088 0.04145625 0.06277735 0.01326898 0.07354735 0.03858599 0.06659043 0.02262891 0.05997248 0.09237653 0.05961861 0.02088460 0.03811768 0.04391769 0.06469521 0.05283562 0.01067153 0.02915090 0.06794498
0.07284100 0.05471715 0.04022422 0.05047972 0.03172358 0.05765883 0.03653480 0.07172267 0.02655792 0.05478257 0.09506413 0.05377237 0.02204033 0.04639353 0.04914010 0.06922739 0.05295075 0.01270074 0.03389020 0.06757798
0.08155215 0.06065959 0.04089208 0.06091801 0.01213869 0.08773195 0.04335695 0.06369178 0.02124598 0.05676486 0.08878916 0.06874977 0.01985630 0.03545948 0.04427983 0.06272966 0.04948239 0.00959442 0.02676809 0.06533886
0.08150837 0.05714654 0.04234067 0.05556257 0.01289869 0.07123349 0.05510921 0.06586329 0.02333754 0.05535517 0.09329309 0.05917901 0.02137651 0.03577977 0.04727023 0.06647805 0.05214906 0.01070821 0.02824289 0.06516763
0.09134694 0.05393735 0.03748485 0.05408714 0.01424495 0.06236412 0.03523933 0.08248614 0.02258931 0.05845139 0.09247971 0.05004859 0.02213795 0.03825812 0.04891626 0.06700420 0.05651512 0.01104668 0.02810234 0.07325952
0.08188576 0.05717084 0.04047667 0.05564142 0.01454235 0.06641867 0.04133223 0.07035614 0.02749798 0.05720601 0.09687535 0.05434352 0.02279743 0.03898428 0.04845526 0.06396754 0.05161357 0.01151914 0.03051840 0.06839742
0.07683003 0.05149657 0.04321675 0.05416870 0.01289575 0.06555779 0.03527749 0.07567393 0.02276756 0.06701785 0.09789830 0.06108630 0.02230355 0.04050954 0.04465405 0.06444704 0.05416594 0.01018166 0.03123618 0.06861502
0.08234521 0.05486712 0.03862469 0.05215792 0.01369142 0.06499947 0.03887714 0.06968850 0.02431023 0.06044015 0.10750119 0.05439887 0.02160410 0.04090652 0.04613601 0.06415690 0.05223929 0.01134045 0.03080286 0.07091197
0.07413408 0.05387019 0.04500420 0.05778248 0.01354482 0.07646385 0.03918822 0.06595578 0.02086336 0.06287645 0.09046193 0.07577032 0.01990275 0.03836342 0.04329495 0.06431648 0.05126481 0.00988291 0.02927701 0.06778200
0.08178876 0.05278122 0.03997195 0.05259184 0.01385791 0.06634139 0.03864010 0.07304598 0.02422240 0.06064110 0.10206952 0.05498046 0.02635293 0.04074575 0.04634162 0.06262337 0.05342129 0.01028125 0.03021748 0.06908366
0.07717808 0.05068111 0.04137917 0.05290981 0.01499542 0.06428318 0.03655508 0.06941441 0.02356727 0.06219885 0.10253270 0.05732632 0.02281906 0.04488608 0.04620024 0.06441836 0.05262944 0.01236490 0.03415099 0.06950951
0.08379821 0.05527780 0.03602016 0.05227323 0.01471922 0.06469605 0.04118678 0.07276827 0.02310317 0.05683603 0.09542939 0.05191274 0.02138801 0.03692728 0.06051957 0.06848237 0.05493259 0.01231183 0.02829023 0.06912708
0.07964165 0.05412268 0.04182578 0.05303238 0.01417060 0.06380540 0.03966076 0.06636237 0.02215498 0.05944176 0.09800224 0.05520317 0.02132549 0.03927863 0.04890934 0.07910843 0.05578500 0.01088006 0.02919748 0.06809180
0.08654147 0.05282708 0.04111787 0.05305045 0.01426734 0.06477537 0.03852145 0.07105961 0.02301861 0.05856761 0.09803267 0.05528108 0.02271637 0.03842598 0.04693816 0.06792952 0.05849232 0.01086356 0.02961105 0.06796244
0.08153257 0.05343525 0.03880606 0.05210250 0.01828843 0.06281854 0.03738284 0.07081848 0.02358638 0.05747486 0.10276036 0.05379665 0.02305814 0.04218222 0.04881098 0.06135785 0.04968943 0.01862697 0.03433112 0.06914037
0.07328382 0.05289834 0.04438779 0.05541302 0.01447708 0.06681711 0.03831206 0.07018710 0.02370948 0.06145453 0.09625045 0.06077035 0.02264953 0.04123638 0.04648831 0.06415719 0.05285162 0.01247073 0.03577257 0.06641254
0.08449885 0.05472037 0.03971465 0.05433549 0.01295594 0.06531804 0.03660564 0.08027652 0.02299642 0.05872299 0.09631316 0.05666383 0.02240414 0.03836839 0.04891776 0.06184362 0.05460590 0.01046513 0.02863124 0.07164192
Lag8:
0.09846690 0.05641551 0.03631714 0.05378322 0.01281528 0.06690677 0.03878139 0.07524707 0.02264388 0.05690841 0.09797863 0.05352075 0.02123966 0.03663557 0.04763306 0.06182142 0.05203033 0.01080848 0.02693944 0.07310711
0.08524538 0.06668963 0.03738553 0.05571565 0.01354778 0.07011618 0.04125466 0.06960968 0.02339758 0.05496471 0.09676637 0.05607492 0.02165119 0.03673998 0.04713949 0.06329307 0.05154568 0.01069533 0.02853485 0.06963234
0.07486080 0.05141352 0.05437488 0.05566168 0.01486379 0.06657489 0.03910614 0.06545965 0.02222821 0.06319570 0.09484409 0.06095945 0.02182850 0.03938600 0.04387044 0.06884277 0.05467784 0.01071958 0.03156897 0.06556309
0.08436447 0.05618976 0.04057564 0.06169897 0.01327128 0.07292108 0.03872627 0.06734946 0.02288495 0.05941370 0.09566795 0.05730289 0.02148541 0.03715866 0.04395633 0.06467763 0.05281062 0.01066041 0.02955537 0.06932916
0.07575400 0.05398583 0.04130111 0.05439944 0.02585777 0.06148066 0.03755850 0.07323801 0.02586239 0.05582978 0.09345568 0.05492745 0.02139076 0.03948141 0.05103773 0.07221050 0.05391881 0.01209818 0.03071530 0.06549670
0.08239116 0.05725772 0.04022050 0.05929445 0.01332636 0.08347931 0.04142116 0.06366477 0.02233042 0.05825393 0.09419707 0.06412743 0.02106818 0.03550082 0.04321205 0.06214384 0.05164101 0.01008550 0.02930854 0.06707577
0.08217372 0.05625081 0.04160290 0.05405704 0.01333565 0.07049314 0.05312886 0.06382335 0.02288307 0.05585051 0.09703524 0.05923248 0.02150736 0.03655680 0.04711006 0.06653242 0.05256878 0.01104610 0.02847911 0.06633260
0.08759411 0.05598612 0.03840409 0.05416558 0.01424880 0.06371388 0.03630611 0.08072872 0.02271710 0.05818156 0.09558612 0.05190153 0.02279302 0.03765996 0.04933001 0.06459479 0.05530889 0.01164822 0.02835090 0.07078050
0.08358384 0.05620650 0.03856232 0.05709370 0.01752119 0.06536132 0.04064769 0.07329492 0.02744582 0.05643919 0.09525190 0.05597707 0.02244869 0.03858166 0.04757040 0.06456099 0.05274735 0.01087682 0.02997910 0.06584952
0.07733442 0.05114857 0.04383788 0.05463421 0.01308053 0.06627607 0.03660557 0.07452781 0.02277521 0.06708762 0.09619138 0.06155840 0.02192621 0.04125894 0.04495745 0.06383314 0.05347869 0.01045736 0.03015012 0.06888042
0.08094616 0.05460652 0.03915685 0.05282125 0.01325633 0.06674127 0.03955795 0.07257340 0.02296142 0.06117026 0.10362349 0.05603803 0.02122009 0.04043471 0.04737574 0.06406838 0.05143730 0.01113704 0.02889168 0.07198211
0.07524115 0.05370901 0.04384631 0.05709602 0.01317747 0.07528548 0.03939582 0.06553850 0.02128417 0.06256778 0.09198498 0.07449483 0.02087846 0.03863550 0.04289551 0.06523795 0.05187687 0.00978527 0.02996721 0.06710172
0.08300818 0.05441736 0.04014413 0.05234378 0.01272346 0.06455230 0.03836291 0.07402760 0.02312808 0.06249228 0.09758903 0.05649513 0.02533058 0.04095907 0.04637226 0.06390622 0.05214707 0.01081874 0.03079430 0.07038750
0.07677050 0.05176947 0.04146678 0.05359260 0.01401260 0.06212293 0.03677945 0.07120741 0.02330769 0.06326965 0.10093295 0.05628133 0.02275985 0.04647763 0.04665572 0.06473318 0.05335085 0.01212143 0.03245131 0.06993666
0.08522732 0.05569549 0.03857449 0.05391884 0.01427218 0.06580684 0.04104428 0.07198069 0.02288458 0.05387795 0.09287450 0.05477262 0.02133508 0.03768735 0.05982521 0.06856186 0.05505066 0.01120273 0.02852695 0.06688036
0.08035358 0.05368389 0.04163359 0.05294888 0.01466124 0.06501362 0.03960905 0.06783685 0.02221072 0.05781101 0.09755390 0.05627009 0.02103533 0.03898955 0.04867811 0.07951620 0.05529449 0.01098076 0.02887245 0.06704668
0.08515627 0.05427738 0.04035781 0.05283447 0.01354688 0.06409613 0.03911967 0.07216421 0.02297823 0.05924157 0.09669658 0.05634423 0.02190394 0.03885661 0.04687087 0.06700856 0.05820561 0.01107725 0.03023102 0.06903271
0.08009627 0.05735542 0.03774860 0.05226279 0.01584199 0.06129596 0.03826745 0.07196258 0.02506400 0.05850117 0.10056655 0.05383249 0.02181948 0.04281153 0.05282886 0.06265295 0.05037381 0.01696974 0.03229628 0.06745208
0.07470602 0.05445067 0.04386136 0.05653286 0.01442407 0.06552047 0.03784082 0.07191354 0.02456026 0.06140246 0.09357735 0.05926377 0.02274810 0.04232756 0.04747444 0.06402380 0.05285730 0.01222199 0.03405352 0.06623964
0.08435449 0.05488035 0.03970279 0.05537056 0.01304717 0.06677909 0.03711542 0.07948512 0.02279068 0.05857791 0.09541019 0.05616884 0.02141980 0.03809485 0.04801597 0.06327783 0.05360555 0.01093670 0.02957460 0.07139209
Lag9:
0.09533740 0.05705236 0.03650215 0.05395062 0.01250685 0.06594428 0.03852418 0.07632347 0.02222465 0.05707813 0.09815344 0.05469767 0.02134112 0.03644824 0.04841221 0.06161702 0.05296611 0.01083782 0.02703019 0.07305209
0.08534898 0.06522597 0.03766054 0.05476567 0.01362032 0.06955862 0.04003222 0.07156019 0.02354889 0.05563820 0.09693562 0.05584910 0.02102157 0.03700084 0.04821371 0.06326288 0.05129832 0.01105018 0.02863970 0.06976846
0.07376651 0.05041517 0.05367040 0.05628718 0.01418801 0.06639874 0.04020508 0.06742661 0.02336302 0.06309601 0.09582153 0.06225564 0.02119273 0.03902514 0.04368454 0.06900608 0.05477136 0.01049862 0.03052020 0.06440742
0.08417199 0.05688240 0.04085093 0.05951617 0.01349307 0.07195708 0.03882350 0.07098811 0.02294542 0.05811320 0.09500853 0.05858990 0.02138326 0.03759754 0.04442764 0.06394537 0.05250597 0.01041600 0.03035892 0.06802501
0.07522325 0.05706345 0.04151433 0.05517351 0.02756670 0.06450136 0.03937682 0.07133462 0.02561660 0.05357394 0.09269123 0.05742594 0.02091469 0.03831057 0.04847252 0.06890904 0.05281928 0.01305337 0.03136433 0.06509445
0.08152578 0.05608813 0.03961143 0.05595678 0.01321552 0.07600203 0.03895494 0.06790596 0.02232440 0.06087006 0.10022874 0.06133956 0.02171108 0.03782633 0.04421418 0.06151969 0.05011153 0.01055093 0.03018122 0.06986172
0.08302286 0.05526153 0.04170014 0.05357174 0.01382941 0.06766484 0.05044028 0.06716247 0.02319863 0.05795553 0.09905039 0.05692212 0.02183540 0.03741898 0.04835372 0.06505455 0.05223312 0.01054840 0.02965383 0.06512203
0.08890361 0.05578072 0.03963653 0.05472931 0.01427543 0.06454978 0.03652239 0.08211018 0.02238030 0.05669374 0.09680722 0.05258628 0.02226039 0.03791482 0.04668260 0.06523842 0.05360056 0.01135681 0.02804327 0.06992767
0.08054869 0.05652147 0.03967012 0.05442067 0.01511834 0.06572757 0.04016487 0.07049495 0.02718739 0.05760319 0.09704109 0.05499647 0.02259890 0.04122260 0.04918486 0.06645361 0.05231172 0.01182704 0.02954441 0.06736204
0.07949759 0.05223784 0.04286487 0.05518767 0.01306035 0.06862182 0.03758756 0.07064231 0.02183555 0.06510897 0.09518528 0.06155807 0.02218940 0.04033133 0.04435742 0.06516928 0.05432968 0.01050205 0.03076674 0.06896623
0.08296468 0.05480810 0.03935817 0.05419560 0.01329529 0.06813805 0.04061518 0.06993033 0.02255872 0.06054597 0.09925145 0.05657487 0.02125312 0.03972211 0.04740013 0.06586923 0.05305113 0.01112119 0.02861052 0.07073614
0.07541574 0.05292762 0.04363123 0.05549464 0.01375705 0.07266735 0.03838384 0.06704110 0.02172864 0.06433516 0.09487753 0.07087092 0.02157230 0.03865418 0.04302791 0.06431273 0.05166464 0.01015892 0.03036101 0.06911750
0.08170314 0.05376673 0.03983785 0.05606395 0.01302650 0.06878465 0.03848615 0.07222519 0.02293307 0.06048701 0.09500166 0.05577048 0.02523104 0.03885780 0.04841442 0.06391547 0.05437562 0.01052804 0.03007778 0.07051343
0.07822335 0.05258061 0.04070459 0.05485762 0.01440893 0.06515260 0.03834268 0.06804769 0.02539467 0.06293263 0.09651051 0.05730715 0.02276260 0.04442647 0.04713505 0.06578891 0.05236846 0.01232816 0.03181183 0.06891549
0.08546022 0.05626964 0.03712498 0.05358270 0.01455212 0.06417542 0.03975702 0.07296292 0.02366994 0.05476410 0.09565435 0.05265022 0.02178254 0.03743690 0.05938762 0.06950866 0.05399835 0.01134263 0.02823520 0.06768447
0.07963740 0.05403527 0.04292461 0.05349115 0.01423221 0.06524554 0.04001766 0.06925281 0.02300436 0.05748586 0.09658206 0.05814240 0.02121703 0.03820375 0.04876963 0.07693136 0.05537241 0.01097272 0.02884736 0.06563438
0.08368552 0.05378063 0.04196520 0.05522967 0.01384062 0.06785621 0.04027385 0.07049434 0.02238463 0.05856694 0.09534821 0.05715082 0.02140244 0.03877621 0.04638801 0.06669985 0.05732161 0.01077600 0.02930385 0.06875539
0.07912758 0.05482446 0.04063523 0.05240107 0.01588600 0.06466561 0.03858683 0.07082686 0.02449256 0.05679006 0.10028846 0.05286958 0.02114871 0.04353639 0.05129797 0.06316365 0.05420741 0.01580565 0.03295351 0.06649241
0.07624580 0.05483060 0.04238859 0.05621810 0.01469192 0.06734667 0.03827300 0.06738144 0.02371326 0.06157851 0.09283092 0.06029277 0.02174727 0.04332995 0.04717810 0.06474442 0.05343623 0.01175524 0.03462764 0.06738958
0.08486814 0.05560342 0.03824746 0.05600480 0.01286310 0.06841328 0.03813820 0.07598951 0.02228330 0.05912094 0.09460502 0.05696822 0.02165802 0.03833301 0.04740922 0.06297807 0.05418576 0.01074438 0.02887796 0.07270818
Lag10:
0.09535297 0.05725711 0.03595230 0.05445226 0.01224524 0.06711202 0.03927645 0.07447977 0.02285577 0.05647770 0.09659713 0.05426491 0.02141550 0.03713180 0.04858570 0.06184727 0.05341136 0.01128048 0.02742794 0.07257630
