double a_5[5][20][20]={{
{0.10460558, 0.05657393, 0.03423457, 0.05332788, 0.01276808, 0.06762057, 0.03968588, 0.07540867, 0.02080749, 0.05708802, 0.10315128, 0.05489084, 0.02325844, 0.03593671, 0.04196643, 0.06122181, 0.05092107, 0.01016004, 0.02553407, 0.07083868},
{0.07962220, 0.06965986, 0.03852917, 0.05479551, 0.01314921, 0.07094664, 0.04217707, 0.06594439, 0.02483855, 0.05895450, 0.09873280, 0.05752136, 0.02210800, 0.04093923, 0.04474064, 0.05981697, 0.04751224, 0.01152067, 0.03116458, 0.06732642},
{0.07338297, 0.04868356, 0.05520588, 0.05018521, 0.01414710, 0.06077405, 0.03857005, 0.07005498, 0.02203843, 0.06786973, 0.09438467, 0.05939551, 0.02155589, 0.04081037, 0.05582619, 0.06532813, 0.05076088, 0.01169208, 0.03277032, 0.06656400},
{0.08139433, 0.05063856, 0.03750581, 0.05732115, 0.01314370, 0.07326576, 0.03265422, 0.07085386, 0.02079763, 0.06675414, 0.09997328, 0.05421265, 0.02167089, 0.04372051, 0.04725436, 0.06016859, 0.04858447, 0.01287056, 0.03429209, 0.07292346},
{0.06829525, 0.05666124, 0.04060689, 0.05446938, 0.02306564, 0.05789026, 0.03890854, 0.08883260, 0.02781673, 0.05296057, 0.09240980, 0.05126750, 0.01787806, 0.04084515, 0.05445692, 0.07475640, 0.05109381, 0.01242957, 0.03205998, 0.06329570},
{0.08562569, 0.05917189, 0.04361172, 0.05478902, 0.01140720, 0.08495944, 0.04246527, 0.06151811, 0.02124809, 0.06449952, 0.09730362, 0.07042919, 0.02377110, 0.03471220, 0.03499449, 0.05296462, 0.05043937, 0.01021991, 0.02712713, 0.06874243},
{0.08851477, 0.06052649, 0.03898355, 0.04572347, 0.01263316, 0.06626275, 0.06077737, 0.06382069, 0.02442121, 0.05801183, 0.10168135, 0.05815900, 0.02323753, 0.03553874, 0.04744495, 0.05766002, 0.04986026, 0.01158605, 0.02803967, 0.06711713},
{0.07904338, 0.05668544, 0.03638017, 0.05279772, 0.01439790, 0.06236209, 0.03649173, 0.08103112, 0.02418193, 0.06234196, 0.09187172, 0.06226034, 0.02363096, 0.04172391, 0.03888419, 0.06581844, 0.05469558, 0.01213068, 0.03129571, 0.07197506},
{0.07297227, 0.05745332, 0.03819344, 0.04656989, 0.01686677, 0.05300258, 0.04191974, 0.07600248, 0.03298692, 0.06071540, 0.10311811, 0.04658109, 0.02003373, 0.04471577, 0.06151303, 0.06468844, 0.05201949, 0.01186103, 0.03459452, 0.06419198},
{0.08390732, 0.05245631, 0.04523640, 0.06253179, 0.01480024, 0.06982522, 0.03536301, 0.06970505, 0.02235571, 0.06132789, 0.08945542, 0.05911247, 0.01878541, 0.03710440, 0.04846729, 0.06756087, 0.05667465, 0.00930859, 0.02902562, 0.06699634},
{0.08768774, 0.05770011, 0.04077037, 0.05609133, 0.01368862, 0.06704834, 0.04031147, 0.06857289, 0.02307498, 0.05368614, 0.09841008, 0.05953109, 0.02043421, 0.03729694, 0.05096631, 0.06941001, 0.05431527, 0.01002415, 0.02621994, 0.06476002},
{0.07991477, 0.05684453, 0.04592498, 0.05525560, 0.01150861, 0.07798108, 0.03980121, 0.06238429, 0.02079053, 0.06242344, 0.09190207, 0.07590688, 0.02123025, 0.03233461, 0.04422443, 0.06000962, 0.05423465, 0.00955971, 0.03043656, 0.06733220},
{0.08880328, 0.05455120, 0.04217786, 0.05584215, 0.01224388, 0.06564640, 0.03957876, 0.07362856, 0.02234528, 0.05660269, 0.09677212, 0.05959210, 0.02769712, 0.03524734, 0.04823676, 0.06095008, 0.05354892, 0.00866865, 0.02567225, 0.07219459},
{0.07430673, 0.04922574, 0.04297791, 0.06236985, 0.01695893, 0.06250634, 0.03503757, 0.07530543, 0.02357883, 0.06019422, 0.09552309, 0.05253980, 0.02033397, 0.04336721, 0.04340409, 0.07524405, 0.05586692, 0.01190687, 0.03258370, 0.06676876},
{0.08155164, 0.04848240, 0.03712895, 0.05507059, 0.01230672, 0.07685190, 0.04036784, 0.07646643, 0.02321910, 0.05053718, 0.09093105, 0.04953549, 0.01962286, 0.03909273, 0.05812353, 0.07082588, 0.05429004, 0.01127349, 0.02980840, 0.07451378},
{0.07427057, 0.05348223, 0.04001525, 0.05198550, 0.01467851, 0.05916319, 0.03893681, 0.07703274, 0.02308444, 0.05644929, 0.09752421, 0.05392715, 0.02065819, 0.04099446, 0.05051198, 0.08609914, 0.05512262, 0.01152660, 0.02903622, 0.06550090},
{0.08114814, 0.04983175, 0.03772140, 0.05172036, 0.01435435, 0.05923761, 0.03530468, 0.07800824, 0.02265031, 0.05976982, 0.10207632, 0.04983741, 0.02022080, 0.03941572, 0.05749176, 0.06755279, 0.06024700, 0.01115697, 0.02788033, 0.07437427},
{0.07145600, 0.06049334, 0.04518049, 0.05574863, 0.01544817, 0.05769693, 0.04888744, 0.06404305, 0.02498999, 0.05854457, 0.11156111, 0.05697984, 0.02477082, 0.04238217, 0.03857039, 0.06262174, 0.04964884, 0.01583840, 0.03084536, 0.06429273},
{0.07082834, 0.05839359, 0.04364473, 0.05835946, 0.01649986, 0.06160639, 0.04253486, 0.07516043, 0.02508440, 0.05741473, 0.09721493, 0.05299590, 0.01947555, 0.04474126, 0.04526775, 0.06616848, 0.05245305, 0.01226180, 0.03503299, 0.06486150},
{0.08564976, 0.05352673, 0.03940553, 0.05836852, 0.01432426, 0.06915929, 0.03433373, 0.06664139, 0.02076077, 0.06126293, 0.09606681, 0.05689145, 0.02190346, 0.03756093, 0.04747475, 0.06547477, 0.05775556, 0.01016860, 0.02711617, 0.07615460},
},{
{0.10476353, 0.06006442, 0.03493329, 0.04910109, 0.01303548, 0.06676991, 0.03986098, 0.07501566, 0.02166860, 0.05787652, 0.10113143, 0.05628003, 0.02250935, 0.03549030, 0.04200419, 0.06053030, 0.05042735, 0.00994568, 0.02680202, 0.07178986},
{0.08537999, 0.06945032, 0.03489068, 0.04670284, 0.01342646, 0.06198721, 0.03937398, 0.07428717, 0.02455527, 0.06060504, 0.10880112, 0.05518194, 0.02300494, 0.04000591, 0.04364410, 0.05846291, 0.04776331, 0.01254970, 0.03048631, 0.06944080},
{0.06838420, 0.04833072, 0.05537231, 0.05524504, 0.01327286, 0.06296580, 0.03818856, 0.06061222, 0.02194020, 0.06866781, 0.10130466, 0.06102374, 0.02091487, 0.04192933, 0.04778151, 0.06740635, 0.05685768, 0.01102067, 0.03222417, 0.06655730},
{0.07959096, 0.04912222, 0.03863731, 0.06085686, 0.01296658, 0.06914993, 0.03547062, 0.05898379, 0.02061270, 0.06943776, 0.10605418, 0.05448760, 0.02179171, 0.04112640, 0.04474273, 0.06339183, 0.05082454, 0.01110159, 0.03140247, 0.08024819},
{0.07588466, 0.05444762, 0.04441252, 0.05320892, 0.02505637, 0.06365830, 0.03877090, 0.07258209, 0.02534705, 0.05590140, 0.08771487, 0.05789156, 0.02042438, 0.03969208, 0.05025411, 0.07100999, 0.05185266, 0.01133163, 0.03013969, 0.07041918},
{0.08317435, 0.05271194, 0.03465889, 0.05080731, 0.01351273, 0.07636888, 0.03747317, 0.06698674, 0.01932569, 0.06886422, 0.11237061, 0.05954379, 0.02472583, 0.04139369, 0.03931933, 0.05512189, 0.04783888, 0.01086501, 0.03042438, 0.07451270},
{0.08171811, 0.05636344, 0.03695364, 0.04563448, 0.01301630, 0.06422462, 0.05513513, 0.06468916, 0.02306494, 0.06383982, 0.11438385, 0.05494637, 0.02340563, 0.03912030, 0.04505801, 0.05959603, 0.04760193, 0.01152638, 0.02943341, 0.07028843},
{0.07953766, 0.05407959, 0.03686670, 0.05473199, 0.01423408, 0.05706184, 0.03317490, 0.08513845, 0.02111204, 0.06158958, 0.08935090, 0.05368950, 0.02225975, 0.03783746, 0.05424100, 0.06769490, 0.06030676, 0.01107335, 0.02943467, 0.07658487},
{0.07578983, 0.05500595, 0.04013194, 0.05959004, 0.01467542, 0.06127891, 0.03927905, 0.07292640, 0.03244946, 0.05906888, 0.10307478, 0.05038067, 0.02086602, 0.04132023, 0.04951176, 0.06289685, 0.04952686, 0.01212222, 0.03066496, 0.06943977},
{0.08341103, 0.05632914, 0.04799265, 0.06077440, 0.01309886, 0.07409787, 0.04096104, 0.07375664, 0.02371403, 0.05406393, 0.08184818, 0.06300389, 0.01923662, 0.03662839, 0.04586948, 0.06793766, 0.05621890, 0.00945914, 0.02805515, 0.06354298},
{0.08658837, 0.05912146, 0.04389731, 0.06093033, 0.01330174, 0.07676167, 0.04407566, 0.07114626, 0.02384136, 0.05036443, 0.08978411, 0.06298540, 0.01943619, 0.03509927, 0.04733666, 0.06676178, 0.05076897, 0.01047474, 0.02640933, 0.06091496},
{0.07623754, 0.05334693, 0.04104230, 0.04777228, 0.01292883, 0.06500654, 0.03700478, 0.06811223, 0.02150961, 0.07008239, 0.10529474, 0.07223055, 0.02272089, 0.04207891, 0.03978931, 0.05954496, 0.05091247, 0.01111091, 0.03304239, 0.07023148},
{0.08389417, 0.05815417, 0.04083517, 0.05771565, 0.01351798, 0.07467865, 0.04297188, 0.07173145, 0.02377947, 0.05421303, 0.08928859, 0.06075191, 0.02553211, 0.03955977, 0.04415580, 0.06264831, 0.05132463, 0.01097421, 0.02967582, 0.06459722},
{0.07574430, 0.05504728, 0.04733094, 0.06155921, 0.01463194, 0.06861456, 0.04118098, 0.07397400, 0.02502800, 0.05415816, 0.08564469, 0.06104928, 0.01973231, 0.04002835, 0.04961116, 0.06861927, 0.05415870, 0.01121402, 0.02958037, 0.06309249},
{0.07981219, 0.05060702, 0.03588618, 0.05193752, 0.01419766, 0.06098109, 0.03794753, 0.07394619, 0.02468630, 0.05635701, 0.09359914, 0.04832942, 0.02184198, 0.03953912, 0.06752396, 0.07093982, 0.05891401, 0.01223843, 0.03021948, 0.07049595},
{0.07704680, 0.05142778, 0.04077669, 0.05290048, 0.01441185, 0.06407324, 0.03724429, 0.06919987, 0.02161305, 0.05927321, 0.09979403, 0.05371298, 0.02081574, 0.03990688, 0.05063118, 0.08525595, 0.05545132, 0.01147225, 0.02995915, 0.06503326},
{0.08308981, 0.05332273, 0.04066007, 0.05441777, 0.01342794, 0.07096580, 0.03771143, 0.06779716, 0.02265517, 0.05747772, 0.09427659, 0.05726405, 0.02094447, 0.03805513, 0.04963104, 0.07055065, 0.06379374, 0.01049461, 0.02810512, 0.06535901},
{0.07631337, 0.06040372, 0.04361636, 0.05920228, 0.01591966, 0.06812684, 0.04397441, 0.07178696, 0.02452765, 0.05009702, 0.08853857, 0.06163998, 0.02139006, 0.03901176, 0.05119072, 0.06498877, 0.05220385, 0.01665483, 0.02917706, 0.06123616},
{0.07273098, 0.05609672, 0.04693364, 0.06074693, 0.01653850, 0.06537760, 0.04129437, 0.07119436, 0.02666701, 0.05705576, 0.08970103, 0.06015477, 0.02023518, 0.04017988, 0.04903560, 0.06505567, 0.05349801, 0.01150631, 0.03310383, 0.06289384},
{0.08979062, 0.05556724, 0.04049690, 0.06051864, 0.01396164, 0.07166830, 0.03720991, 0.07650985, 0.02232535, 0.05481072, 0.08734938, 0.05593165, 0.02073274, 0.03713003, 0.04586133, 0.06522650, 0.05422164, 0.00972781, 0.02691363, 0.07404612},
},{
{0.10388662, 0.05826520, 0.03598498, 0.05216875, 0.01264682, 0.06682855, 0.03943570, 0.07351180, 0.02216880, 0.05778907, 0.10057763, 0.05344209, 0.02210144, 0.03602677, 0.04575349, 0.06069219, 0.05139085, 0.01013927, 0.02665706, 0.07053292},
{0.08551582, 0.06903502, 0.03627072, 0.05569840, 0.01228771, 0.07051189, 0.04145283, 0.07254576, 0.02256302, 0.05543092, 0.09855360, 0.05686400, 0.02145195, 0.03808109, 0.04440686, 0.06358769, 0.04954094, 0.01102557, 0.02798171, 0.06719450},
{0.06816570, 0.05179477, 0.05546520, 0.05438937, 0.01302273, 0.06290928, 0.03802462, 0.06335234, 0.02177297, 0.06738832, 0.09760626, 0.06450683, 0.02024727, 0.04161407, 0.04351959, 0.06774089, 0.05509412, 0.01105808, 0.03245470, 0.06987289},
{0.07931334, 0.06079623, 0.04060728, 0.05821503, 0.01209845, 0.06858637, 0.03606815, 0.06661797, 0.02171303, 0.06322017, 0.09318410, 0.06532404, 0.02006641, 0.03862062, 0.04237550, 0.06247302, 0.05650143, 0.01082231, 0.03010912, 0.07328743},
{0.07386388, 0.04725852, 0.04125147, 0.05120710, 0.05390154, 0.05428932, 0.03349088, 0.07509949, 0.02584871, 0.05630239, 0.09637727, 0.04798226, 0.02135382, 0.03944232, 0.05095173, 0.06687167, 0.05422387, 0.01208334, 0.03187278, 0.06632764},
{0.08304918, 0.06774162, 0.03886913, 0.05771110, 0.01147030, 0.08479659, 0.04289381, 0.06310123, 0.02007749, 0.05618671, 0.09039869, 0.07684379, 0.01931873, 0.03512528, 0.04295966, 0.05985861, 0.04870111, 0.00983097, 0.02702713, 0.06403885},
{0.08260427, 0.05844172, 0.04041870, 0.05371231, 0.01260087, 0.07211791, 0.05679650, 0.06397839, 0.02299827, 0.05738573, 0.09788504, 0.05876883, 0.02072834, 0.03675786, 0.04627599, 0.06481808, 0.05033212, 0.01091845, 0.02777004, 0.06469059},
{0.08343066, 0.05170711, 0.03423250, 0.04800051, 0.01408592, 0.05533561, 0.03210357, 0.08511723, 0.02322206, 0.06471052, 0.09532972, 0.04909402, 0.02183132, 0.04158674, 0.05124180, 0.06446316, 0.05738299, 0.01100429, 0.03054380, 0.08557646},
{0.07502352, 0.05794658, 0.04245719, 0.05450452, 0.01563991, 0.06499769, 0.04116496, 0.07029792, 0.03234627, 0.05602162, 0.09371386, 0.05304438, 0.02132330, 0.04022067, 0.04984526, 0.06658021, 0.05514457, 0.01188331, 0.03115652, 0.06668773},
{0.08284822, 0.04765169, 0.04540385, 0.05651798, 0.01368362, 0.06482505, 0.03583155, 0.07774339, 0.02294299, 0.06605012, 0.10048609, 0.05594513, 0.02263994, 0.03993964, 0.04317121, 0.06388331, 0.05353193, 0.01071459, 0.02975110, 0.06643857},
{0.08731919, 0.05395737, 0.03947581, 0.05294688, 0.01409947, 0.06715316, 0.04018041, 0.07056501, 0.02420236, 0.05881048, 0.10976709, 0.05558954, 0.02309872, 0.03931732, 0.04427369, 0.06406005, 0.05001866, 0.01137523, 0.02963025, 0.06415932},
{0.07362181, 0.05399979, 0.04364150, 0.05733671, 0.01139645, 0.08094880, 0.04116266, 0.06584791, 0.02021578, 0.06293378, 0.09344693, 0.07736324, 0.01919815, 0.03832502, 0.04255664, 0.06314742, 0.04928456, 0.00948906, 0.02886260, 0.06722119},
{0.08776789, 0.05254707, 0.04074901, 0.05441321, 0.01433588, 0.06467250, 0.03765089, 0.07299083, 0.02357578, 0.05815373, 0.10081270, 0.05335096, 0.02800299, 0.04031632, 0.04304422, 0.06402043, 0.05225917, 0.01162929, 0.03098538, 0.06872174},
{0.07666258, 0.05083040, 0.04367039, 0.05750911, 0.01398068, 0.06486140, 0.03704630, 0.06984312, 0.02437173, 0.05891587, 0.09992075, 0.05491236, 0.02382572, 0.04520672, 0.04852428, 0.06727180, 0.05287885, 0.01296843, 0.03203471, 0.06476479},
{0.08095023, 0.05601013, 0.03391527, 0.04951056, 0.01450618, 0.06254948, 0.03991160, 0.06621184, 0.02226988, 0.05898664, 0.09342993, 0.05227789, 0.02104575, 0.03795323, 0.06805900, 0.06893508, 0.05769858, 0.01176343, 0.02890015, 0.07511514},
{0.07600350, 0.05247848, 0.04301874, 0.05681454, 0.01377434, 0.06878518, 0.04081475, 0.06821388, 0.02257990, 0.05561702, 0.09229637, 0.05546961, 0.02009244, 0.03837704, 0.05154242, 0.08334611, 0.05631317, 0.01081850, 0.02886072, 0.06478329},
{0.08129477, 0.05244824, 0.04219844, 0.05671375, 0.01360919, 0.06851606, 0.04162398, 0.07284971, 0.02312888, 0.05748426, 0.08959624, 0.05418347, 0.02087517, 0.03776928, 0.05035301, 0.06951407, 0.06052269, 0.01087877, 0.02865651, 0.06778351},
{0.07747978, 0.05714770, 0.04311091, 0.05788200, 0.01392323, 0.06553713, 0.03905098, 0.07536417, 0.02448410, 0.04951977, 0.09444235, 0.05301524, 0.02216189, 0.04245915, 0.05348999, 0.06558389, 0.04984374, 0.01667056, 0.03206527, 0.06676814},
{0.07197272, 0.05248306, 0.04511071, 0.05975974, 0.01401192, 0.06733995, 0.03964506, 0.06824254, 0.02375489, 0.05978392, 0.09379939, 0.05851273, 0.02285853, 0.04117177, 0.04931743, 0.06668951, 0.05313795, 0.01157498, 0.03535405, 0.06547913},
{0.08903731, 0.05013189, 0.04020886, 0.05685480, 0.01390555, 0.06420538, 0.03505883, 0.08086008, 0.02290482, 0.05899743, 0.09705271, 0.05205689, 0.02300208, 0.03724669, 0.04673627, 0.06458703, 0.05469707, 0.01071562, 0.02844186, 0.07329882},
},{
{0.11477514, 0.05714203, 0.03385629, 0.05127287, 0.01246496, 0.06439438, 0.03752831, 0.08110573, 0.02168551, 0.05384505, 0.09705532, 0.05247584, 0.02089081, 0.03525591, 0.04562138, 0.06169879, 0.05088078, 0.01043322, 0.02694371, 0.07067396},
{0.08282476, 0.06819679, 0.03607381, 0.05545843, 0.01306420, 0.07817030, 0.04133648, 0.06856524, 0.02244608, 0.05756716, 0.09684875, 0.05565860, 0.02114602, 0.03600404, 0.04809476, 0.06281720, 0.04965882, 0.01104570, 0.02776674, 0.06725613},
{0.07307209, 0.05106629, 0.05520161, 0.05225991, 0.01324579, 0.06440503, 0.03991133, 0.06141660, 0.02248451, 0.06737728, 0.09307680, 0.06274964, 0.02169064, 0.04115104, 0.04256354, 0.06973718, 0.05564258, 0.01139746, 0.03232659, 0.06922407},
{0.08484256, 0.06031430, 0.04099707, 0.05797871, 0.01285459, 0.07111436, 0.03920913, 0.06122045, 0.02200162, 0.06256388, 0.09407065, 0.06040269, 0.02104885, 0.03992119, 0.04309956, 0.06204678, 0.05166126, 0.01116217, 0.03079947, 0.07269070},
{0.07181885, 0.04911863, 0.04307675, 0.05292368, 0.02846866, 0.05756954, 0.03618344, 0.09210171, 0.02695392, 0.05426814, 0.09543041, 0.04987942, 0.02154918, 0.04740706, 0.04748519, 0.06773315, 0.05147721, 0.01243951, 0.03136123, 0.06275431},
{0.08306644, 0.06564313, 0.04000715, 0.05537801, 0.01112307, 0.08394749, 0.04531181, 0.05821237, 0.02169243, 0.05641973, 0.09282089, 0.07571636, 0.01930621, 0.03510999, 0.04217436, 0.06118923, 0.04989067, 0.01005793, 0.02813417, 0.06479855},
{0.07977870, 0.05582414, 0.04205889, 0.06070999, 0.01182975, 0.07786413, 0.05658687, 0.06125293, 0.02357021, 0.05516396, 0.09571581, 0.05834789, 0.02061072, 0.03609300, 0.04588233, 0.06440916, 0.05148083, 0.01201259, 0.02747261, 0.06333549},
{0.08963070, 0.05607067, 0.03596311, 0.05227913, 0.01384936, 0.05963550, 0.03423539, 0.08456758, 0.02204650, 0.05846994, 0.09276891, 0.04850051, 0.02079350, 0.03962456, 0.04968186, 0.06771136, 0.05664817, 0.01118308, 0.02987898, 0.07646118},
{0.07538068, 0.05420836, 0.03856713, 0.05350097, 0.01439756, 0.06465707, 0.04139694, 0.06674443, 0.03471862, 0.05919402, 0.09937821, 0.05500212, 0.02262467, 0.03910799, 0.04932739, 0.06442020, 0.05379671, 0.01105004, 0.03019639, 0.07233050},
{0.07450065, 0.04981834, 0.04506301, 0.05656895, 0.01470166, 0.06325459, 0.03550152, 0.07420671, 0.02315090, 0.06807244, 0.10241875, 0.05985645, 0.02362166, 0.03997104, 0.04282751, 0.06331458, 0.05514862, 0.00994074, 0.02918082, 0.06888107},
{0.08034530, 0.05239861, 0.03951509, 0.05479273, 0.01461206, 0.06419275, 0.03915158, 0.07800474, 0.02284624, 0.06023036, 0.10789634, 0.05352541, 0.02260887, 0.04046444, 0.04789285, 0.06282314, 0.05047567, 0.01076515, 0.02963242, 0.06782625},
{0.07332587, 0.05135733, 0.04247478, 0.05863372, 0.01296532, 0.08572803, 0.03991090, 0.05929559, 0.02029390, 0.06519408, 0.09229469, 0.07548350, 0.01957355, 0.03811038, 0.04234638, 0.06387898, 0.05195694, 0.01010120, 0.02924879, 0.06782607},
{0.08180834, 0.05210327, 0.04074655, 0.05510661, 0.01395275, 0.06559370, 0.03875386, 0.08138795, 0.02402574, 0.05884461, 0.09904598, 0.05439787, 0.02810079, 0.04113933, 0.04506487, 0.06219953, 0.04989589, 0.01132207, 0.03015454, 0.06635574},
{0.07234087, 0.04990550, 0.04311912, 0.05553074, 0.01686481, 0.06034260, 0.03637974, 0.07302508, 0.02444370, 0.05865335, 0.10135049, 0.05641874, 0.02342465, 0.04805718, 0.04705982, 0.06630806, 0.05394856, 0.01203504, 0.03295449, 0.06783745},
{0.08601875, 0.05709211, 0.03595886, 0.05072286, 0.01269661, 0.06616360, 0.04038924, 0.07170312, 0.02286590, 0.05488254, 0.08834625, 0.05436208, 0.01954025, 0.03701145, 0.06750497, 0.06935082, 0.05553239, 0.01164920, 0.02884706, 0.06936195},
{0.08045691, 0.05433377, 0.04238176, 0.05213699, 0.01345803, 0.06183195, 0.03924522, 0.06717002, 0.02244014, 0.05752250, 0.09423538, 0.05774782, 0.02061076, 0.03921243, 0.05028686, 0.08475290, 0.05653855, 0.01102952, 0.02926380, 0.06534468},
{0.08231736, 0.05235390, 0.04173666, 0.05195857, 0.01378313, 0.06320395, 0.03769551, 0.06612838, 0.02261422, 0.06322445, 0.09893469, 0.05527075, 0.02335174, 0.03818282, 0.04965083, 0.06786568, 0.05963787, 0.01144372, 0.02873553, 0.07191022},
{0.07310206, 0.06085337, 0.04473181, 0.05446871, 0.01763036, 0.06234639, 0.04288932, 0.07849472, 0.02767848, 0.05137702, 0.09113496, 0.05346763, 0.02178720, 0.04211580, 0.04817967, 0.06526598, 0.05402363, 0.01626928, 0.03231435, 0.06186927},
{0.06738457, 0.05428830, 0.04545353, 0.05805713, 0.01614328, 0.06393819, 0.04000851, 0.06906503, 0.02400981, 0.06070904, 0.09582735, 0.06315548, 0.02282896, 0.04037886, 0.04656956, 0.06429857, 0.05318811, 0.01229148, 0.03482879, 0.06757545},
{0.08198044, 0.05229349, 0.04053495, 0.05919947, 0.01479244, 0.06466328, 0.03504937, 0.08040444, 0.02223232, 0.05950793, 0.10016444, 0.05349337, 0.02215967, 0.03688860, 0.04708870, 0.06267004, 0.05576966, 0.00988559, 0.02768365, 0.07353815},
},{
{0.09871526, 0.05675697, 0.03596331, 0.05317857, 0.01239605, 0.06596593, 0.03907753, 0.07589318, 0.02210854, 0.05720701, 0.10151962, 0.05444312, 0.02217080, 0.03624892, 0.04584238, 0.06151038, 0.05145261, 0.01079373, 0.02687735, 0.07187876},
{0.08445708, 0.06675077, 0.03795883, 0.05412006, 0.01370932, 0.06993806, 0.03999147, 0.07179165, 0.02420733, 0.05486838, 0.09925181, 0.05654710, 0.02132204, 0.03662533, 0.04588736, 0.06329810, 0.05171468, 0.01094131, 0.02883914, 0.06778019},
{0.07375129, 0.05008802, 0.05299946, 0.05395989, 0.01409197, 0.06445624, 0.04049174, 0.06018196, 0.02310884, 0.06737025, 0.09759697, 0.06035020, 0.02132763, 0.04208539, 0.04374637, 0.06816386, 0.05480113, 0.01119237, 0.03161312, 0.06862329},
{0.08277564, 0.05614807, 0.03750992, 0.05595202, 0.01387591, 0.07003390, 0.03749762, 0.06488995, 0.02214215, 0.06387192, 0.10125368, 0.05556296, 0.02325192, 0.04015914, 0.04325606, 0.06143678, 0.05315538, 0.01163711, 0.03155210, 0.07403776},
{0.07410036, 0.05477810, 0.04145417, 0.05423290, 0.02986127, 0.06341955, 0.03710854, 0.07626329, 0.02555024, 0.05431502, 0.09008148, 0.05835687, 0.02065295, 0.03672987, 0.05050091, 0.06956540, 0.05435266, 0.01183965, 0.03046197, 0.06637480},
{0.08427858, 0.05526929, 0.03687031, 0.05438695, 0.01365821, 0.07768776, 0.03893863, 0.06122978, 0.02138702, 0.06408266, 0.10672449, 0.06050400, 0.02205984, 0.04037903, 0.04145390, 0.05927660, 0.04929949, 0.01063388, 0.03110188, 0.07077770},
{0.08351036, 0.05578050, 0.03918970, 0.05026060, 0.01300831, 0.06830379, 0.05163646, 0.06289073, 0.02340404, 0.05914586, 0.10381334, 0.05719449, 0.02214751, 0.03873698, 0.04603696, 0.06427735, 0.05184707, 0.01145492, 0.02989849, 0.06746252},
{0.08457035, 0.05401325, 0.03662399, 0.05409212, 0.01447840, 0.06077405, 0.03538598, 0.08093040, 0.02252900, 0.06184599, 0.09646243, 0.04852578, 0.02345829, 0.03975235, 0.04748657, 0.06391808, 0.05552445, 0.01159358, 0.02926192, 0.07877304},
{0.08071020, 0.05537025, 0.03934735, 0.05539298, 0.01439713, 0.06467261, 0.04101468, 0.06840641, 0.03027143, 0.05781681, 0.09474745, 0.05387769, 0.02085493, 0.03843721, 0.05013079, 0.06642882, 0.05708443, 0.01216002, 0.03019243, 0.06868637},
{0.07804600, 0.05247033, 0.04693318, 0.05849071, 0.01299154, 0.06927762, 0.03750946, 0.07923927, 0.02228561, 0.06079146, 0.08904870, 0.06436770, 0.02075671, 0.03882923, 0.04707263, 0.06649179, 0.05314895, 0.00967802, 0.02822677, 0.06434432},
{0.08358871, 0.05674941, 0.04148863, 0.05586738, 0.01326987, 0.06901081, 0.04151136, 0.07413018, 0.02253442, 0.05806090, 0.09550692, 0.05947788, 0.02039348, 0.03819416, 0.04834593, 0.06568211, 0.05176873, 0.01059478, 0.02801934, 0.06580499},
{0.07584012, 0.05437799, 0.04342670, 0.05340646, 0.01304524, 0.07218557, 0.03832248, 0.06253215, 0.02128378, 0.06521788, 0.09735294, 0.07382921, 0.02121385, 0.03921523, 0.04163633, 0.06408165, 0.05197171, 0.01032806, 0.03141678, 0.06931588},
{0.08255182, 0.05613675, 0.04060559, 0.05256545, 0.01302936, 0.06770195, 0.04018145, 0.07368575, 0.02281428, 0.06021246, 0.09631820, 0.05956452, 0.02447986, 0.03998304, 0.04624595, 0.06561352, 0.05276579, 0.01057037, 0.02799844, 0.06697547},
{0.07574460, 0.05276381, 0.04511332, 0.05782939, 0.01418748, 0.06595554, 0.03763677, 0.07362508, 0.02420721, 0.05863768, 0.09363389, 0.05926527, 0.02116257, 0.04360477, 0.04937343, 0.06666795, 0.05350309, 0.01142172, 0.03066856, 0.06499788},
{0.08566243, 0.05524152, 0.03543677, 0.05135920, 0.01394497, 0.06443407, 0.03947037, 0.06884747, 0.02320991, 0.05663320, 0.09512086, 0.05167823, 0.02080734, 0.03723223, 0.06311698, 0.06946186, 0.05498990, 0.01196265, 0.02997161, 0.07141844},
{0.07879577, 0.05331674, 0.04135378, 0.05254820, 0.01463792, 0.06435249, 0.04022567, 0.06548600, 0.02272236, 0.05892522, 0.09920886, 0.05610843, 0.02133362, 0.03889299, 0.04964517, 0.07853276, 0.05639844, 0.01125398, 0.02893127, 0.06733033},
{0.08374611, 0.05445047, 0.04019176, 0.05446040, 0.01349879, 0.06607591, 0.03834022, 0.06944260, 0.02266589, 0.05925576, 0.09721267, 0.05640903, 0.02169698, 0.03828900, 0.04726765, 0.06855579, 0.05930962, 0.01087780, 0.02914343, 0.06911012},
{0.07808846, 0.05499184, 0.04081896, 0.05558062, 0.01543722, 0.06396161, 0.04235467, 0.07668220, 0.02399321, 0.05407367, 0.09654917, 0.05589419, 0.02122768, 0.04189391, 0.05294262, 0.06527581, 0.05245022, 0.01430569, 0.03009676, 0.06338146},
{0.07390830, 0.05473220, 0.04599521, 0.06075481, 0.01531472, 0.06901111, 0.03942319, 0.07377229, 0.02409847, 0.05864124, 0.08989185, 0.06180507, 0.02002628, 0.04068783, 0.04693873, 0.06568003, 0.05193178, 0.01100602, 0.03335256, 0.06302830},
{0.08616792, 0.05610127, 0.04131862, 0.05948659, 0.01302705, 0.06918660, 0.03773321, 0.08394280, 0.02234166, 0.05369243, 0.08863300, 0.05846403, 0.02089475, 0.03604900, 0.04899882, 0.06527552, 0.05342936, 0.01010261, 0.02674348, 0.06841127},
}};

double lambda_5[5]={0.200000, 0.200000, 0.200000, 0.200000, 0.200000};


