double a_6[6][20][20]={{
{0.10463104, 0.05658967, 0.03424993, 0.05335645, 0.01277997, 0.06765240, 0.03968580, 0.07543724, 0.02082141, 0.05705265, 0.10312473, 0.05486074, 0.02327922, 0.03592873, 0.04192820, 0.06117877, 0.05089725, 0.01016812, 0.02554786, 0.07082981},
{0.07970341, 0.06962879, 0.03852533, 0.05486464, 0.01314663, 0.07103777, 0.04219298, 0.06600382, 0.02486077, 0.05889378, 0.09871424, 0.05736103, 0.02214138, 0.04095224, 0.04471997, 0.05980616, 0.04744871, 0.01151635, 0.03119079, 0.06729120},
{0.07346414, 0.04868008, 0.05520650, 0.05019771, 0.01415239, 0.06078074, 0.03846378, 0.07016499, 0.02204378, 0.06785983, 0.09434489, 0.05931756, 0.02156363, 0.04080378, 0.05579866, 0.06531118, 0.05075219, 0.01169625, 0.03278966, 0.06660828},
{0.08146950, 0.05062822, 0.03749666, 0.05736018, 0.01314606, 0.07329259, 0.03264185, 0.07093433, 0.02081344, 0.06673582, 0.09993813, 0.05420286, 0.02169642, 0.04366968, 0.04721256, 0.06016999, 0.04855805, 0.01286769, 0.03425837, 0.07290760},
{0.06831258, 0.05667247, 0.04064637, 0.05450426, 0.02304036, 0.05786195, 0.03883227, 0.08887147, 0.02783722, 0.05296294, 0.09241303, 0.05129639, 0.01787576, 0.04085748, 0.05444751, 0.07472000, 0.05111593, 0.01242931, 0.03204615, 0.06325657},
{0.08570047, 0.05919645, 0.04361182, 0.05482605, 0.01141143, 0.08499384, 0.04243771, 0.06155811, 0.02125404, 0.06442225, 0.09725990, 0.07038712, 0.02378108, 0.03470549, 0.03501563, 0.05294655, 0.05042120, 0.01022690, 0.02709115, 0.06875279},
{0.08861898, 0.06049230, 0.03893754, 0.04574249, 0.01263486, 0.06625950, 0.06075842, 0.06388402, 0.02443883, 0.05797399, 0.10167619, 0.05814564, 0.02327088, 0.03552284, 0.04747694, 0.05762205, 0.04978308, 0.01160043, 0.02801442, 0.06714659},
{0.07906753, 0.05667676, 0.03637972, 0.05282574, 0.01440098, 0.06238620, 0.03651098, 0.08104357, 0.02419067, 0.06230100, 0.09184129, 0.06220494, 0.02364152, 0.04172208, 0.03887301, 0.06581076, 0.05468386, 0.01213413, 0.03131849, 0.07198678},
{0.07302369, 0.05747456, 0.03817278, 0.04655842, 0.01687329, 0.05305295, 0.04193690, 0.07606909, 0.03299761, 0.06067265, 0.10306370, 0.04656324, 0.02002094, 0.04467579, 0.06151355, 0.06465249, 0.05199838, 0.01186915, 0.03462600, 0.06418481},
{0.08398586, 0.05243919, 0.04525323, 0.06259135, 0.01482654, 0.06991077, 0.03534210, 0.06974338, 0.02230774, 0.06121522, 0.08933772, 0.05904828, 0.01880738, 0.03706785, 0.04851775, 0.06758355, 0.05670454, 0.00931670, 0.02903484, 0.06696601},
{0.08775685, 0.05771015, 0.04077453, 0.05612042, 0.01369725, 0.06711585, 0.04033029, 0.06864003, 0.02308591, 0.05360333, 0.09827340, 0.05949313, 0.02045648, 0.03726532, 0.05099311, 0.06939027, 0.05428630, 0.01002128, 0.02622393, 0.06476217},
{0.07998687, 0.05672485, 0.04593542, 0.05531042, 0.01150677, 0.07805975, 0.03979910, 0.06246761, 0.02082564, 0.06230084, 0.09192724, 0.07584112, 0.02124035, 0.03229291, 0.04425994, 0.05994934, 0.05419356, 0.00957802, 0.03042978, 0.06737047},
{0.08884021, 0.05455050, 0.04216313, 0.05585312, 0.01225282, 0.06565853, 0.03957365, 0.07369535, 0.02235909, 0.05656589, 0.09673327, 0.05956121, 0.02768327, 0.03523570, 0.04826845, 0.06093317, 0.05349517, 0.00866401, 0.02568389, 0.07222957},
{0.07435629, 0.04922040, 0.04295665, 0.06237816, 0.01692332, 0.06255233, 0.03499103, 0.07538591, 0.02360360, 0.06014474, 0.09544050, 0.05249317, 0.02034825, 0.04338060, 0.04342961, 0.07523024, 0.05586530, 0.01190117, 0.03258939, 0.06680935},
{0.08152292, 0.04841859, 0.03715414, 0.05510480, 0.01231190, 0.07685952, 0.04038344, 0.07656821, 0.02321592, 0.05050665, 0.09087671, 0.04950918, 0.01963227, 0.03911911, 0.05813502, 0.07077949, 0.05426537, 0.01126843, 0.02984196, 0.07452638},
{0.07429857, 0.05346945, 0.04002934, 0.05201311, 0.01468392, 0.05919781, 0.03893027, 0.07711650, 0.02310007, 0.05640142, 0.09749545, 0.05383820, 0.02061636, 0.04097769, 0.05050893, 0.08606871, 0.05511877, 0.01153616, 0.02906496, 0.06553433},
{0.08115451, 0.04982614, 0.03776214, 0.05176234, 0.01437978, 0.05924728, 0.03530500, 0.07812688, 0.02264279, 0.05970336, 0.10198794, 0.04980831, 0.02023943, 0.03940937, 0.05745713, 0.06755779, 0.06022282, 0.01118132, 0.02790500, 0.07432069},
{0.07148623, 0.06047442, 0.04520023, 0.05579029, 0.01546477, 0.05773138, 0.04885364, 0.06402705, 0.02502219, 0.05847219, 0.11153424, 0.05698484, 0.02480152, 0.04235975, 0.03856114, 0.06261326, 0.04966704, 0.01580007, 0.03082207, 0.06433369},
{0.07088088, 0.05842706, 0.04363898, 0.05831711, 0.01646657, 0.06164717, 0.04249296, 0.07526465, 0.02508887, 0.05735019, 0.09719667, 0.05298923, 0.01949226, 0.04472743, 0.04527576, 0.06612111, 0.05245605, 0.01224889, 0.03500295, 0.06491522},
{0.08570662, 0.05354410, 0.03941586, 0.05840851, 0.01433218, 0.06920786, 0.03433190, 0.06668739, 0.02074597, 0.06117790, 0.09600349, 0.05685368, 0.02192934, 0.03753713, 0.04751116, 0.06548289, 0.05775389, 0.01017215, 0.02710068, 0.07609730},
},{
{0.10479437, 0.06005321, 0.03494771, 0.04910573, 0.01304022, 0.06677891, 0.03987498, 0.07504585, 0.02168438, 0.05783342, 0.10109278, 0.05627429, 0.02252210, 0.03547644, 0.04199055, 0.06052446, 0.05040976, 0.00994490, 0.02680060, 0.07180534},
{0.08542159, 0.06945205, 0.03491538, 0.04672616, 0.01342267, 0.06202718, 0.03935401, 0.07436360, 0.02458298, 0.06058301, 0.10872821, 0.05513996, 0.02303015, 0.03999843, 0.04363230, 0.05836553, 0.04775931, 0.01254562, 0.03047864, 0.06947322},
{0.06846775, 0.04829647, 0.05537214, 0.05530488, 0.01328460, 0.06301570, 0.03815712, 0.06070878, 0.02193045, 0.06861531, 0.10126229, 0.06094631, 0.02093694, 0.04191313, 0.04780139, 0.06739123, 0.05678353, 0.01102881, 0.03221658, 0.06656658},
{0.07961980, 0.04911312, 0.03861256, 0.06087672, 0.01298087, 0.06918095, 0.03546645, 0.05901682, 0.02059488, 0.06938921, 0.10604671, 0.05444793, 0.02180443, 0.04112940, 0.04475269, 0.06336466, 0.05081186, 0.01110905, 0.03140412, 0.08027779},
{0.07591657, 0.05439981, 0.04443262, 0.05324569, 0.02500715, 0.06370134, 0.03878014, 0.07258938, 0.02536081, 0.05587920, 0.08772551, 0.05790724, 0.02043533, 0.03967413, 0.05024111, 0.07094566, 0.05185074, 0.01133109, 0.03015602, 0.07042047},
{0.08323010, 0.05271599, 0.03465759, 0.05081642, 0.01351346, 0.07641643, 0.03746964, 0.06704923, 0.01932597, 0.06883230, 0.11237491, 0.05948443, 0.02473407, 0.04137160, 0.03930713, 0.05510191, 0.04778256, 0.01087141, 0.03043897, 0.07450588},
{0.08182502, 0.05638444, 0.03689713, 0.04568224, 0.01303287, 0.06423168, 0.05514315, 0.06481657, 0.02307549, 0.06374273, 0.11439066, 0.05489622, 0.02343445, 0.03911616, 0.04499475, 0.05953896, 0.04747799, 0.01153961, 0.02944089, 0.07033898},
{0.07957396, 0.05406640, 0.03687148, 0.05475430, 0.01423795, 0.05708317, 0.03318317, 0.08512662, 0.02109927, 0.06152947, 0.08932070, 0.05370542, 0.02225824, 0.03782401, 0.05424876, 0.06769166, 0.06033550, 0.01107397, 0.02943512, 0.07658082},
{0.07586463, 0.05503029, 0.04015340, 0.05964562, 0.01466383, 0.06132419, 0.03921561, 0.07303361, 0.03246188, 0.05906469, 0.10301604, 0.05026429, 0.02088755, 0.04131343, 0.04948704, 0.06288305, 0.04951846, 0.01213599, 0.03057506, 0.06946134},
{0.08348542, 0.05639691, 0.04799760, 0.06082178, 0.01311136, 0.07418972, 0.04094276, 0.07379139, 0.02374582, 0.05395877, 0.08168026, 0.06284553, 0.01923595, 0.03660833, 0.04591315, 0.06796469, 0.05624103, 0.00947008, 0.02809262, 0.06350684},
{0.08663747, 0.05914674, 0.04391923, 0.06097192, 0.01331208, 0.07679834, 0.04408061, 0.07124593, 0.02385035, 0.05023241, 0.08966816, 0.06295136, 0.01945369, 0.03508335, 0.04735842, 0.06672637, 0.05074951, 0.01048257, 0.02642352, 0.06090797},
{0.07629497, 0.05333257, 0.04102038, 0.04780669, 0.01294612, 0.06506411, 0.03700740, 0.06819449, 0.02148840, 0.06994467, 0.10526947, 0.07218892, 0.02274802, 0.04206607, 0.03980942, 0.05954981, 0.05088533, 0.01111996, 0.03304735, 0.07021586},
{0.08394642, 0.05817735, 0.04083539, 0.05772503, 0.01353160, 0.07472212, 0.04299147, 0.07180620, 0.02379053, 0.05419553, 0.08928374, 0.06073214, 0.02554037, 0.03957061, 0.04411170, 0.06261052, 0.05117872, 0.01097269, 0.02969390, 0.06458397},
{0.07574183, 0.05501126, 0.04735030, 0.06156455, 0.01464550, 0.06868807, 0.04118993, 0.07405328, 0.02504114, 0.05411827, 0.08560598, 0.06099392, 0.01975771, 0.03999469, 0.04962514, 0.06861818, 0.05413365, 0.01119728, 0.02959244, 0.06307688},
{0.07987606, 0.05045729, 0.03589622, 0.05198235, 0.01414231, 0.06102727, 0.03792525, 0.07402371, 0.02470323, 0.05632356, 0.09359121, 0.04826513, 0.02187515, 0.03953916, 0.06750085, 0.07096000, 0.05892839, 0.01225243, 0.03021087, 0.07051958},
{0.07709542, 0.05136887, 0.04079378, 0.05294670, 0.01442874, 0.06410963, 0.03725160, 0.06929872, 0.02162469, 0.05926600, 0.09973267, 0.05361749, 0.02083163, 0.03985483, 0.05062399, 0.08523685, 0.05542822, 0.01145964, 0.02995715, 0.06507338},
{0.08314081, 0.05330298, 0.04066976, 0.05446904, 0.01344992, 0.07099792, 0.03761878, 0.06791622, 0.02266793, 0.05744704, 0.09422466, 0.05721538, 0.02094071, 0.03805570, 0.04961355, 0.07050417, 0.06375710, 0.01050303, 0.02810317, 0.06540214},
{0.07628316, 0.06037846, 0.04361387, 0.05919782, 0.01590613, 0.06818741, 0.04399960, 0.07173650, 0.02454104, 0.05007488, 0.08848246, 0.06168195, 0.02141498, 0.03900268, 0.05120055, 0.06500255, 0.05220576, 0.01662359, 0.02920481, 0.06126179},
{0.07280092, 0.05610835, 0.04693727, 0.06074085, 0.01654626, 0.06544374, 0.04132627, 0.07115328, 0.02665771, 0.05695142, 0.08966456, 0.06018237, 0.02026637, 0.04014231, 0.04909082, 0.06503459, 0.05351785, 0.01152333, 0.03311320, 0.06279853},
{0.08984024, 0.05556893, 0.04051558, 0.06056928, 0.01395354, 0.07170377, 0.03718678, 0.07657341, 0.02235292, 0.05475279, 0.08726998, 0.05589446, 0.02072171, 0.03713259, 0.04589330, 0.06522964, 0.05423017, 0.00973943, 0.02692367, 0.07394782},
},{
{0.10393188, 0.05825386, 0.03600384, 0.05219281, 0.01265184, 0.06685226, 0.03941322, 0.07356839, 0.02217884, 0.05775141, 0.10055768, 0.05341589, 0.02211987, 0.03602624, 0.04571693, 0.06065631, 0.05138322, 0.01013576, 0.02666723, 0.07052252},
{0.08560236, 0.06898699, 0.03627942, 0.05578524, 0.01229255, 0.07058883, 0.04141626, 0.07252235, 0.02259240, 0.05537521, 0.09853235, 0.05676051, 0.02148575, 0.03804507, 0.04442590, 0.06359579, 0.04953296, 0.01102427, 0.02800713, 0.06714865},
{0.06822891, 0.05181945, 0.05546285, 0.05441875, 0.01304825, 0.06297457, 0.03798747, 0.06348088, 0.02177155, 0.06727332, 0.09763166, 0.06426680, 0.02026642, 0.04164017, 0.04351149, 0.06769125, 0.05509331, 0.01106313, 0.03247907, 0.06989069},
{0.07933773, 0.06078745, 0.04059057, 0.05821562, 0.01211458, 0.06860671, 0.03604540, 0.06666895, 0.02171686, 0.06322561, 0.09318133, 0.06525362, 0.02007724, 0.03861216, 0.04236767, 0.06245063, 0.05645731, 0.01082986, 0.03012726, 0.07333344},
{0.07392180, 0.04726425, 0.04126950, 0.05125746, 0.05363731, 0.05434050, 0.03349006, 0.07515001, 0.02586603, 0.05630868, 0.09635793, 0.04800648, 0.02136675, 0.03944955, 0.05097088, 0.06684023, 0.05425256, 0.01208691, 0.03184372, 0.06631938},
{0.08309557, 0.06774499, 0.03882239, 0.05775024, 0.01148450, 0.08484949, 0.04287290, 0.06315715, 0.02005560, 0.05614222, 0.09040022, 0.07682083, 0.01934095, 0.03512482, 0.04293498, 0.05984064, 0.04866883, 0.00983476, 0.02702332, 0.06403559},
{0.08271988, 0.05840550, 0.04036454, 0.05375762, 0.01261418, 0.07220702, 0.05685381, 0.06407934, 0.02295331, 0.05732336, 0.09786057, 0.05876838, 0.02072885, 0.03674819, 0.04621211, 0.06476220, 0.05023066, 0.01092569, 0.02776244, 0.06472235},
{0.08344376, 0.05167158, 0.03423344, 0.04801476, 0.01408460, 0.05533618, 0.03210109, 0.08511087, 0.02323442, 0.06470834, 0.09533807, 0.04903727, 0.02184408, 0.04159444, 0.05124424, 0.06444509, 0.05739375, 0.01100225, 0.03055084, 0.08561092},
{0.07499956, 0.05794941, 0.04245909, 0.05453823, 0.01566095, 0.06502910, 0.04115958, 0.07031845, 0.03233818, 0.05595197, 0.09370495, 0.05297932, 0.02134113, 0.04022909, 0.04985873, 0.06652746, 0.05514441, 0.01188740, 0.03119852, 0.06672448},
{0.08292717, 0.04767069, 0.04542305, 0.05652506, 0.01369146, 0.06486296, 0.03582857, 0.07780880, 0.02297637, 0.06594916, 0.10037951, 0.05592029, 0.02267294, 0.03994431, 0.04318407, 0.06387662, 0.05348764, 0.01071659, 0.02971572, 0.06643900},
{0.08738333, 0.05394965, 0.03949884, 0.05297709, 0.01410369, 0.06717140, 0.04019334, 0.07062692, 0.02421418, 0.05877470, 0.10968376, 0.05557714, 0.02311208, 0.03928100, 0.04428363, 0.06405658, 0.04999089, 0.01137329, 0.02959714, 0.06415135},
{0.07371318, 0.05404237, 0.04368853, 0.05744524, 0.01141602, 0.08115492, 0.04122463, 0.06594068, 0.02022466, 0.06271204, 0.09326122, 0.07732295, 0.01917902, 0.03820090, 0.04265900, 0.06315696, 0.04923053, 0.00949167, 0.02884132, 0.06709415},
{0.08780561, 0.05251557, 0.04075530, 0.05443542, 0.01434709, 0.06468902, 0.03765946, 0.07305213, 0.02357538, 0.05815381, 0.10082629, 0.05333320, 0.02797238, 0.04032343, 0.04293596, 0.06399901, 0.05223631, 0.01163605, 0.03097504, 0.06877353},
{0.07669724, 0.05084624, 0.04367829, 0.05752603, 0.01398992, 0.06485127, 0.03706203, 0.06989632, 0.02437650, 0.05884364, 0.09984179, 0.05485331, 0.02384584, 0.04518825, 0.04854838, 0.06727458, 0.05288417, 0.01298512, 0.03204545, 0.06476562},
{0.08094648, 0.05594654, 0.03392903, 0.04954798, 0.01450369, 0.06256957, 0.03991081, 0.06627345, 0.02225434, 0.05896422, 0.09336714, 0.05224741, 0.02106707, 0.03795481, 0.06807855, 0.06889820, 0.05770437, 0.01175909, 0.02891614, 0.07516111},
{0.07604224, 0.05246495, 0.04302864, 0.05681970, 0.01377631, 0.06882313, 0.04080857, 0.06829726, 0.02258948, 0.05554910, 0.09224823, 0.05543812, 0.02010088, 0.03836430, 0.05153932, 0.08332472, 0.05629080, 0.01082299, 0.02888614, 0.06478513},
{0.08134014, 0.05245927, 0.04222275, 0.05673516, 0.01361003, 0.06854982, 0.04151103, 0.07301489, 0.02314021, 0.05736919, 0.08948910, 0.05415086, 0.02089150, 0.03776187, 0.05036506, 0.06949763, 0.06050699, 0.01089928, 0.02868924, 0.06779598},
{0.07752925, 0.05712251, 0.04311410, 0.05791633, 0.01392807, 0.06555271, 0.03902357, 0.07542899, 0.02450253, 0.04947178, 0.09434757, 0.05299038, 0.02218851, 0.04247618, 0.05347289, 0.06563544, 0.04987442, 0.01667821, 0.03201697, 0.06672957},
{0.07199490, 0.05251589, 0.04513561, 0.05979477, 0.01401780, 0.06739245, 0.03962575, 0.06829844, 0.02377388, 0.05972705, 0.09370501, 0.05847927, 0.02287111, 0.04116311, 0.04929861, 0.06669229, 0.05307224, 0.01158213, 0.03537632, 0.06548336},
{0.08908584, 0.05009098, 0.04020174, 0.05689089, 0.01390270, 0.06423649, 0.03507131, 0.08092367, 0.02292527, 0.05896203, 0.09698296, 0.05203361, 0.02300345, 0.03722926, 0.04674567, 0.06453953, 0.05469426, 0.01072746, 0.02845691, 0.07329599},
},{
{0.11496303, 0.05707722, 0.03383404, 0.05130494, 0.01246766, 0.06443427, 0.03747905, 0.08117526, 0.02172315, 0.05381960, 0.09713556, 0.05235522, 0.02089341, 0.03522817, 0.04560628, 0.06164008, 0.05083481, 0.01043901, 0.02692806, 0.07066117},
{0.08287468, 0.06821405, 0.03610336, 0.05551464, 0.01302188, 0.07829774, 0.04137430, 0.06861147, 0.02244314, 0.05743532, 0.09671306, 0.05567749, 0.02115777, 0.03597142, 0.04811935, 0.06279132, 0.04963211, 0.01105055, 0.02776257, 0.06723377},
{0.07311837, 0.05108896, 0.05524270, 0.05232970, 0.01326023, 0.06446443, 0.03989812, 0.06154382, 0.02248634, 0.06724905, 0.09291959, 0.06266906, 0.02169442, 0.04110689, 0.04258634, 0.06974367, 0.05560773, 0.01140261, 0.03231309, 0.06927488},
{0.08487725, 0.06033094, 0.04099233, 0.05801411, 0.01285391, 0.07115370, 0.03921139, 0.06127171, 0.02201178, 0.06249521, 0.09399288, 0.06036851, 0.02105919, 0.03992503, 0.04310473, 0.06203007, 0.05164899, 0.01116823, 0.03079367, 0.07269635},
{0.07180842, 0.04912159, 0.04308672, 0.05294201, 0.02845865, 0.05756676, 0.03619363, 0.09205724, 0.02696123, 0.05428571, 0.09544115, 0.04988871, 0.02154431, 0.04740705, 0.04747613, 0.06773671, 0.05148748, 0.01242464, 0.03136354, 0.06274834},
{0.08311152, 0.06564377, 0.04000716, 0.05541894, 0.01112462, 0.08398698, 0.04531091, 0.05820629, 0.02169974, 0.05637418, 0.09277631, 0.07569735, 0.01930736, 0.03510443, 0.04217862, 0.06117769, 0.04989350, 0.01006109, 0.02813403, 0.06478551},
{0.07983557, 0.05583195, 0.04205270, 0.06075487, 0.01183021, 0.07790883, 0.05661489, 0.06132750, 0.02358912, 0.05506428, 0.09564259, 0.05833397, 0.02060023, 0.03608675, 0.04587431, 0.06439910, 0.05142855, 0.01201953, 0.02748428, 0.06332076},
{0.08967878, 0.05607339, 0.03594270, 0.05230319, 0.01384823, 0.05966076, 0.03424558, 0.08456336, 0.02203366, 0.05847115, 0.09276600, 0.04845372, 0.02080639, 0.03961347, 0.04970672, 0.06762476, 0.05666371, 0.01118491, 0.02987807, 0.07648148},
{0.07540898, 0.05420524, 0.03858310, 0.05351955, 0.01436087, 0.06466648, 0.04139926, 0.06677332, 0.03474083, 0.05916104, 0.09930110, 0.05500700, 0.02264417, 0.03911876, 0.04930060, 0.06441988, 0.05379621, 0.01105448, 0.03019773, 0.07234140},
{0.07454456, 0.04979769, 0.04505817, 0.05656815, 0.01471699, 0.06331568, 0.03546780, 0.07423728, 0.02314958, 0.06803403, 0.10238396, 0.05982031, 0.02363837, 0.03995536, 0.04285036, 0.06330711, 0.05509689, 0.00993712, 0.02919251, 0.06892811},
{0.08036934, 0.05234279, 0.03950828, 0.05480417, 0.01461947, 0.06422788, 0.03915160, 0.07805220, 0.02285619, 0.06018627, 0.10784878, 0.05350125, 0.02261733, 0.04045931, 0.04790989, 0.06281006, 0.05047749, 0.01076917, 0.02964409, 0.06784444},
{0.07337873, 0.05138072, 0.04252102, 0.05871508, 0.01297349, 0.08593671, 0.03993999, 0.05943960, 0.02027503, 0.06494891, 0.09197842, 0.07554931, 0.01959951, 0.03802562, 0.04240883, 0.06387081, 0.05198473, 0.01010723, 0.02924548, 0.06772079},
{0.08185321, 0.05207027, 0.04073948, 0.05514021, 0.01396022, 0.06561208, 0.03875103, 0.08146125, 0.02403333, 0.05882613, 0.09901298, 0.05437910, 0.02810539, 0.04112781, 0.04503992, 0.06218901, 0.04988814, 0.01131526, 0.03015136, 0.06634382},
{0.07236088, 0.04991863, 0.04311959, 0.05555823, 0.01686255, 0.06034128, 0.03638531, 0.07305001, 0.02446257, 0.05863356, 0.10134045, 0.05637904, 0.02342131, 0.04804915, 0.04705471, 0.06630750, 0.05392080, 0.01203431, 0.03295813, 0.06784200},
{0.08611005, 0.05708333, 0.03598070, 0.05072659, 0.01270243, 0.06615780, 0.04033873, 0.07176932, 0.02288351, 0.05485663, 0.08830394, 0.05432272, 0.01954953, 0.03703426, 0.06750048, 0.06930290, 0.05548149, 0.01166257, 0.02887355, 0.06935949},
{0.08057626, 0.05434077, 0.04238476, 0.05215507, 0.01349559, 0.06178400, 0.03919640, 0.06732686, 0.02245745, 0.05743230, 0.09423237, 0.05757296, 0.02066028, 0.03919991, 0.05024816, 0.08481671, 0.05647928, 0.01103877, 0.02926901, 0.06533307},
{0.08241009, 0.05231135, 0.04173785, 0.05197957, 0.01380469, 0.06325693, 0.03765553, 0.06626339, 0.02258323, 0.06317506, 0.09890166, 0.05511903, 0.02339952, 0.03816131, 0.04959911, 0.06785869, 0.05958339, 0.01145663, 0.02875902, 0.07198395},
{0.07310982, 0.06083089, 0.04475570, 0.05449902, 0.01763111, 0.06237820, 0.04291118, 0.07852469, 0.02768169, 0.05131395, 0.09104580, 0.05346094, 0.02179970, 0.04210905, 0.04819635, 0.06526702, 0.05405392, 0.01625083, 0.03232314, 0.06185700},
{0.06740820, 0.05429616, 0.04546324, 0.05806207, 0.01613514, 0.06394213, 0.04000084, 0.06910380, 0.02402257, 0.06066929, 0.09578565, 0.06312231, 0.02283251, 0.04036930, 0.04658485, 0.06431469, 0.05319488, 0.01229329, 0.03482615, 0.06757291},
{0.08197534, 0.05229049, 0.04053701, 0.05922261, 0.01479030, 0.06466830, 0.03504227, 0.08044895, 0.02223538, 0.05950528, 0.10015093, 0.05346608, 0.02217217, 0.03688041, 0.04708047, 0.06266217, 0.05576329, 0.00988695, 0.02769023, 0.07353137},
},{
{0.09871699, 0.05675848, 0.03596266, 0.05317835, 0.01239562, 0.06596925, 0.03907754, 0.07589169, 0.02210928, 0.05720908, 0.10151819, 0.05444381, 0.02217155, 0.03624539, 0.04583792, 0.06151035, 0.05145062, 0.01079445, 0.02687775, 0.07188104},
{0.08445888, 0.06674708, 0.03796028, 0.05412002, 0.01370865, 0.06993944, 0.03998999, 0.07179265, 0.02420632, 0.05486819, 0.09925384, 0.05654717, 0.02132259, 0.03662567, 0.04588777, 0.06329765, 0.05171244, 0.01094165, 0.02883968, 0.06778005},
{0.07375105, 0.05008831, 0.05299892, 0.05396071, 0.01408974, 0.06445818, 0.04049252, 0.06017948, 0.02310917, 0.06736982, 0.09759943, 0.06034838, 0.02132874, 0.04208396, 0.04374557, 0.06816181, 0.05480278, 0.01119239, 0.03161405, 0.06862500},
{0.08277848, 0.05614926, 0.03751139, 0.05595281, 0.01387512, 0.07003592, 0.03749232, 0.06488780, 0.02214246, 0.06387397, 0.10125709, 0.05556410, 0.02325204, 0.04015750, 0.04325183, 0.06143766, 0.05315573, 0.01163460, 0.03155323, 0.07403670},
{0.07410063, 0.05478061, 0.04145257, 0.05423499, 0.02984732, 0.06342124, 0.03711039, 0.07626640, 0.02555116, 0.05431446, 0.09008493, 0.05835892, 0.02065233, 0.03673207, 0.05050346, 0.06956188, 0.05435020, 0.01183908, 0.03046253, 0.06637483},
{0.08428006, 0.05526930, 0.03687114, 0.05438699, 0.01365681, 0.07768670, 0.03893772, 0.06122896, 0.02138721, 0.06408441, 0.10672500, 0.06050477, 0.02206039, 0.04037820, 0.04145352, 0.05927660, 0.04930025, 0.01063378, 0.03109891, 0.07077928},
{0.08351452, 0.05578129, 0.03919052, 0.05026242, 0.01300752, 0.06830587, 0.05163337, 0.06288733, 0.02340391, 0.05914992, 0.10381958, 0.05719477, 0.02214898, 0.03873469, 0.04602200, 0.06427741, 0.05184919, 0.01145437, 0.02989809, 0.06746424},
{0.08457388, 0.05401619, 0.03662635, 0.05409464, 0.01447421, 0.06077510, 0.03538745, 0.08092988, 0.02253066, 0.06182959, 0.09646145, 0.04852842, 0.02345984, 0.03974825, 0.04748614, 0.06391952, 0.05552884, 0.01159389, 0.02926175, 0.07877395},
{0.08071262, 0.05537103, 0.03934518, 0.05539422, 0.01439632, 0.06467391, 0.04101581, 0.06840746, 0.03027220, 0.05781727, 0.09474951, 0.05387632, 0.02085609, 0.03842281, 0.05013266, 0.06642998, 0.05708530, 0.01216023, 0.03019250, 0.06868858},
{0.07804685, 0.05247136, 0.04693471, 0.05849100, 0.01298836, 0.06927679, 0.03751024, 0.07923940, 0.02228606, 0.06079108, 0.08904828, 0.06436933, 0.02075497, 0.03882921, 0.04707347, 0.06649223, 0.05314747, 0.00967817, 0.02822743, 0.06434360},
{0.08358996, 0.05675058, 0.04148957, 0.05586829, 0.01326844, 0.06901197, 0.04151089, 0.07413070, 0.02253443, 0.05806115, 0.09550394, 0.05947863, 0.02039351, 0.03819425, 0.04834609, 0.06568162, 0.05176871, 0.01059470, 0.02801948, 0.06580309},
{0.07583992, 0.05437771, 0.04342750, 0.05340531, 0.01304184, 0.07218750, 0.03832271, 0.06253207, 0.02128411, 0.06521986, 0.09735263, 0.07383042, 0.02121300, 0.03921398, 0.04163603, 0.06408347, 0.05197129, 0.01032767, 0.03141806, 0.06931493},
{0.08489114, 0.05573343, 0.04073744, 0.05374195, 0.01321544, 0.06953866, 0.03987378, 0.07703823, 0.02314002, 0.05754094, 0.09387842, 0.05746537, 0.02552518, 0.03954450, 0.04630726, 0.06465291, 0.05170722, 0.01071777, 0.02799490, 0.06675545},
{0.07574186, 0.05276529, 0.04511481, 0.05783095, 0.01418697, 0.06595766, 0.03763775, 0.07362354, 0.02420767, 0.05863673, 0.09363265, 0.05926720, 0.02116133, 0.04360386, 0.04937076, 0.06666836, 0.05350462, 0.01142170, 0.03066919, 0.06499710},
{0.08566406, 0.05523862, 0.03543710, 0.05136000, 0.01394481, 0.06443522, 0.03947021, 0.06884693, 0.02320981, 0.05663356, 0.09512268, 0.05167838, 0.02080405, 0.03723186, 0.06311719, 0.06946168, 0.05499031, 0.01196284, 0.02997181, 0.07141889},
{0.07878750, 0.05331649, 0.04135501, 0.05254708, 0.01463696, 0.06435211, 0.04022741, 0.06548216, 0.02272223, 0.05892777, 0.09921142, 0.05611054, 0.02133525, 0.03889230, 0.04964288, 0.07853542, 0.05639915, 0.01125410, 0.02893249, 0.06733175},
{0.08374676, 0.05445148, 0.04019214, 0.05446034, 0.01349763, 0.06607634, 0.03834012, 0.06944194, 0.02266548, 0.05925741, 0.09721273, 0.05640848, 0.02169779, 0.03828617, 0.04726654, 0.06855635, 0.05930873, 0.01087826, 0.02914364, 0.06911168},
{0.07809691, 0.05499737, 0.04082269, 0.05558526, 0.01543774, 0.06395772, 0.04235860, 0.07669047, 0.02399481, 0.05407764, 0.09655420, 0.05589839, 0.02116563, 0.04189154, 0.05294741, 0.06527497, 0.05245590, 0.01430703, 0.03009913, 0.06338661},
{0.07390851, 0.05473307, 0.04599468, 0.06075318, 0.01531454, 0.06901067, 0.03942424, 0.07377446, 0.02409613, 0.05864288, 0.08988960, 0.06180600, 0.02002567, 0.04068735, 0.04693737, 0.06568279, 0.05193285, 0.01100541, 0.03334951, 0.06303109},
{0.08617113, 0.05610470, 0.04131813, 0.05947698, 0.01302285, 0.06917696, 0.03773558, 0.08394155, 0.02234271, 0.05369283, 0.08863552, 0.05846631, 0.02089642, 0.03605031, 0.04899895, 0.06527781, 0.05343217, 0.01010307, 0.02674409, 0.06841195},
},{
{0.09847414, 0.05744368, 0.03680041, 0.05410464, 0.01218603, 0.06755597, 0.03949211, 0.07493579, 0.02199551, 0.05528775, 0.09806432, 0.05535842, 0.02166168, 0.03620563, 0.04836791, 0.06252091, 0.05278210, 0.01005308, 0.02622435, 0.07048557},
{0.08524016, 0.06504253, 0.03685460, 0.05401990, 0.01375074, 0.06823390, 0.03843605, 0.07311129, 0.02307273, 0.05718290, 0.09828396, 0.05537570, 0.02163153, 0.03767882, 0.04862639, 0.06329369, 0.05071295, 0.01119229, 0.02834412, 0.06991575},
{0.07563369, 0.04867068, 0.05351512, 0.05419493, 0.01402313, 0.06460261, 0.03884767, 0.06433680, 0.02195863, 0.06673204, 0.09702159, 0.06114931, 0.02126603, 0.04183740, 0.04310318, 0.06745485, 0.05359877, 0.01081136, 0.03182088, 0.06942136},
{0.08116013, 0.05647907, 0.03877636, 0.05967698, 0.01386406, 0.06948539, 0.03827173, 0.06780710, 0.02187078, 0.06336995, 0.09995421, 0.05628005, 0.02127763, 0.04032369, 0.04392968, 0.06182214, 0.05172093, 0.01123110, 0.03096111, 0.07173790},
{0.07810504, 0.05446949, 0.04175468, 0.05431662, 0.03034406, 0.06401704, 0.03788900, 0.07557786, 0.02443118, 0.05074639, 0.08802733, 0.05520222, 0.02081101, 0.03890575, 0.05321143, 0.07037330, 0.05419768, 0.01238466, 0.03188042, 0.06335484},
{0.08140656, 0.05638805, 0.03810936, 0.05482166, 0.01327495, 0.07674171, 0.03902544, 0.06628577, 0.02136416, 0.06348014, 0.10407873, 0.06164355, 0.02187602, 0.03873221, 0.04302147, 0.05975260, 0.04917369, 0.01056701, 0.02886288, 0.07139404},
{0.08221782, 0.05648502, 0.03934430, 0.05081005, 0.01379048, 0.06675122, 0.05179411, 0.06680306, 0.02361676, 0.05899806, 0.10406531, 0.05665521, 0.02168051, 0.03810904, 0.04720621, 0.06318043, 0.05111990, 0.01157876, 0.02911449, 0.06667926},
{0.08737055, 0.05370096, 0.03601993, 0.05354304, 0.01529522, 0.06170951, 0.03587027, 0.08365213, 0.02256242, 0.06090170, 0.09480975, 0.05213232, 0.02286380, 0.03798516, 0.04634739, 0.06417085, 0.05462074, 0.01171606, 0.02881336, 0.07591486},
{0.07914211, 0.05592703, 0.04112750, 0.05297187, 0.01618915, 0.06467025, 0.03986084, 0.07084054, 0.02827045, 0.05905535, 0.09750907, 0.05288022, 0.02216464, 0.04000890, 0.04845370, 0.06526754, 0.05284200, 0.01205091, 0.03188140, 0.06888655},
{0.07902335, 0.05321416, 0.04578902, 0.05776320, 0.01228823, 0.07089067, 0.03823192, 0.07373006, 0.02316909, 0.06120865, 0.09219814, 0.06395332, 0.02082363, 0.03859232, 0.04439254, 0.06523803, 0.05345946, 0.00990914, 0.02945403, 0.06667103},
{0.08370181, 0.05634301, 0.04139342, 0.05711347, 0.01282228, 0.07065011, 0.04159560, 0.06905338, 0.02366286, 0.05757149, 0.09735741, 0.05894053, 0.02080392, 0.03729339, 0.04659349, 0.06619585, 0.05285939, 0.01081881, 0.02820018, 0.06702960},
{0.07623770, 0.05321004, 0.04188640, 0.05321875, 0.01367666, 0.07082765, 0.03749206, 0.06686112, 0.02137495, 0.06624708, 0.09797033, 0.07136603, 0.02130709, 0.04096257, 0.04184685, 0.06258227, 0.05028028, 0.01038567, 0.03177559, 0.07049092},
{0.08197796, 0.05720110, 0.04245928, 0.05315187, 0.01262573, 0.06765919, 0.03898044, 0.07155007, 0.02275592, 0.06035958, 0.09615285, 0.06091767, 0.02380479, 0.03830650, 0.04641531, 0.06461893, 0.05366531, 0.01019469, 0.03005186, 0.06715093},
{0.07697859, 0.05435539, 0.04432126, 0.05676001, 0.01326665, 0.06682136, 0.03942088, 0.07072956, 0.02369855, 0.05921420, 0.09427886, 0.05885517, 0.02165770, 0.04274861, 0.04757194, 0.06775273, 0.05345110, 0.01188686, 0.03057613, 0.06565446},
{0.08308158, 0.05433533, 0.03547136, 0.05234888, 0.01529616, 0.06110298, 0.03828372, 0.06776470, 0.02311587, 0.05748730, 0.09906128, 0.04960122, 0.02226215, 0.04012768, 0.06284024, 0.06833245, 0.05698471, 0.01250418, 0.02952519, 0.07047303},
{0.07969623, 0.05443977, 0.04152278, 0.05187935, 0.01413668, 0.06394451, 0.04016669, 0.06743201, 0.02216390, 0.05847118, 0.09806211, 0.05679245, 0.02142913, 0.03949737, 0.04919743, 0.08021228, 0.05580271, 0.01079180, 0.02866289, 0.06569873},
{0.08542196, 0.05365097, 0.04069424, 0.05345260, 0.01372505, 0.06657325, 0.03933461, 0.07000243, 0.02292662, 0.05865593, 0.09514418, 0.05653717, 0.02233658, 0.03843040, 0.04804464, 0.06786991, 0.05923875, 0.01059576, 0.02933621, 0.06802874},
{0.07895067, 0.05465612, 0.03953930, 0.05592628, 0.01497158, 0.06593266, 0.03922958, 0.07402299, 0.02557480, 0.05292571, 0.09717675, 0.05226635, 0.02186101, 0.04220417, 0.05267514, 0.06400603, 0.05492881, 0.01622971, 0.03190875, 0.06501359},
{0.07420176, 0.05483498, 0.04436219, 0.05770844, 0.01433205, 0.06946640, 0.04063213, 0.07006031, 0.02391639, 0.05956623, 0.09182134, 0.06153925, 0.02100535, 0.03953271, 0.04841470, 0.06527449, 0.05301961, 0.01183705, 0.03337816, 0.06509645},
{0.08465177, 0.05560237, 0.04114448, 0.05783764, 0.01299145, 0.06906675, 0.03771108, 0.08065195, 0.02323723, 0.05519549, 0.09078539, 0.05730816, 0.02080517, 0.03674668, 0.04762113, 0.06544492, 0.05480990, 0.01013503, 0.02841321, 0.06984021},
}};

double lambda_6[6]={0.166667, 0.166667, 0.166667, 0.166667, 0.166667, 0.166667};



