double a_11[11][20][20]={{
{0.10453635, 0.05650931, 0.03433447, 0.05350659, 0.01278472, 0.06783435, 0.03971247, 0.07544527, 0.02088952, 0.05695894, 0.10287344, 0.05482603, 0.02335649, 0.03597786, 0.04181054, 0.06111591, 0.05093070, 0.01017477, 0.02562732, 0.07079494},
{0.07988588, 0.06937727, 0.03859616, 0.05507981, 0.01317695, 0.07124634, 0.04220992, 0.06615352, 0.02488499, 0.05872137, 0.09868268, 0.05696172, 0.02228762, 0.04101345, 0.04459086, 0.05973545, 0.04739086, 0.01148950, 0.03130201, 0.06721363},
{0.07362767, 0.04865093, 0.05528461, 0.05021675, 0.01418295, 0.06073395, 0.03849063, 0.07038943, 0.02203132, 0.06771799, 0.09424121, 0.05916629, 0.02168227, 0.04071873, 0.05568362, 0.06533256, 0.05068403, 0.01165759, 0.03282354, 0.06668391},
{0.08163291, 0.05064381, 0.03757387, 0.05741299, 0.01314106, 0.07348108, 0.03264089, 0.07099148, 0.02079418, 0.06663316, 0.09968118, 0.05416258, 0.02172299, 0.04356902, 0.04722028, 0.06019141, 0.04851628, 0.01288129, 0.03423169, 0.07287786},
{0.06836374, 0.05672569, 0.04084303, 0.05443335, 0.02289348, 0.05814809, 0.03896706, 0.08871720, 0.02801836, 0.05294116, 0.09184535, 0.05140987, 0.01797946, 0.04066015, 0.05442990, 0.07459166, 0.05119325, 0.01242670, 0.03218858, 0.06322390},
{0.08591512, 0.05918459, 0.04359843, 0.05496226, 0.01145228, 0.08517124, 0.04234396, 0.06169664, 0.02128086, 0.06419353, 0.09709973, 0.07022848, 0.02384299, 0.03466366, 0.03503017, 0.05290485, 0.05030694, 0.01026118, 0.02708282, 0.06878026},
{0.08871161, 0.06043428, 0.03894947, 0.04572152, 0.01264166, 0.06641800, 0.06071250, 0.06399053, 0.02445754, 0.05792381, 0.10134100, 0.05808495, 0.02339167, 0.03555408, 0.04736525, 0.05760194, 0.04975985, 0.01159196, 0.02806270, 0.06728568},
{0.07905985, 0.05655903, 0.03633162, 0.05301907, 0.01443246, 0.06264848, 0.03656040, 0.08087657, 0.02430937, 0.06228028, 0.09177470, 0.06217108, 0.02371862, 0.04169780, 0.03873589, 0.06563385, 0.05448094, 0.01218764, 0.03142174, 0.07210062},
{0.07327278, 0.05747526, 0.03824706, 0.04658864, 0.01690526, 0.05317403, 0.04193302, 0.07614181, 0.03306740, 0.06050697, 0.10301510, 0.04656241, 0.02010501, 0.04468601, 0.06087808, 0.06470144, 0.05188968, 0.01187089, 0.03473283, 0.06424632},
{0.08386824, 0.05231154, 0.04533498, 0.06275376, 0.01483050, 0.07009800, 0.03546130, 0.06976333, 0.02239949, 0.06081157, 0.08906905, 0.05891444, 0.01891622, 0.03697269, 0.04870646, 0.06765827, 0.05678049, 0.00935396, 0.02921132, 0.06678439},
{0.08781347, 0.05783410, 0.04086422, 0.05633974, 0.01369167, 0.06746706, 0.04043193, 0.06871905, 0.02319462, 0.05332953, 0.09751212, 0.05951049, 0.02051770, 0.03708101, 0.05109473, 0.06939886, 0.05423956, 0.01002947, 0.02631970, 0.06461095},
{0.08020637, 0.05653450, 0.04594891, 0.05553789, 0.01154258, 0.07843179, 0.03972666, 0.06265901, 0.02086206, 0.06204103, 0.09186995, 0.07539524, 0.02134819, 0.03231306, 0.04410574, 0.05987843, 0.05406949, 0.00956535, 0.03048635, 0.06747740},
{0.08899673, 0.05451383, 0.04212138, 0.05599381, 0.01226875, 0.06582311, 0.03956828, 0.07368499, 0.02238978, 0.05645603, 0.09655389, 0.05945396, 0.02769390, 0.03527972, 0.04831442, 0.06083081, 0.05346643, 0.00867461, 0.02574068, 0.07217488},
{0.07448979, 0.04921106, 0.04305798, 0.06233724, 0.01691672, 0.06266777, 0.03502938, 0.07542309, 0.02374499, 0.05992025, 0.09496444, 0.05254654, 0.02042912, 0.04334929, 0.04344625, 0.07515894, 0.05586666, 0.01191432, 0.03269907, 0.06682710},
{0.08130381, 0.04818478, 0.03716845, 0.05519199, 0.01229489, 0.07711541, 0.04047156, 0.07665670, 0.02331245, 0.05042667, 0.09061049, 0.04947524, 0.01972925, 0.03910555, 0.05815022, 0.07068815, 0.05419094, 0.01127498, 0.02993785, 0.07471063},
{0.07418683, 0.05336607, 0.04011212, 0.05218308, 0.01468656, 0.05928937, 0.03899944, 0.07724806, 0.02312608, 0.05637676, 0.09735252, 0.05375897, 0.02069830, 0.04093502, 0.05034209, 0.08594126, 0.05514841, 0.01153332, 0.02919476, 0.06552101},
{0.08122808, 0.04967880, 0.03782795, 0.05191073, 0.01441135, 0.05938299, 0.03531063, 0.07817283, 0.02259836, 0.05966827, 0.10165829, 0.04965740, 0.02033150, 0.03940255, 0.05741265, 0.06745278, 0.06020740, 0.01119301, 0.02802336, 0.07447108},
{0.07141333, 0.06054063, 0.04534922, 0.05605549, 0.01551267, 0.05806872, 0.04871525, 0.06418631, 0.02489904, 0.05816984, 0.11088882, 0.05684946, 0.02489904, 0.04224495, 0.03860507, 0.06271304, 0.04975501, 0.01578216, 0.03091599, 0.06443597},
{0.07095502, 0.05822337, 0.04370915, 0.05824953, 0.01648764, 0.06165883, 0.04247928, 0.07549479, 0.02513625, 0.05722746, 0.09707690, 0.05288539, 0.01955835, 0.04468035, 0.04526047, 0.06607973, 0.05249882, 0.01230611, 0.03498118, 0.06505135},
{0.08562123, 0.05349650, 0.03951360, 0.05865839, 0.01434096, 0.06943984, 0.03443868, 0.06667933, 0.02081292, 0.06094438, 0.09558387, 0.05666039, 0.02203235, 0.03751315, 0.04774926, 0.06545737, 0.05770460, 0.01020039, 0.02719308, 0.07595973},
},{
{0.10482421, 0.06006042, 0.03503183, 0.04915481, 0.01306254, 0.06693867, 0.03992038, 0.07513199, 0.02174546, 0.05769009, 0.10085371, 0.05632860, 0.02258534, 0.03546444, 0.04186930, 0.06040833, 0.05040643, 0.00995516, 0.02688198, 0.07168630},
{0.08534938, 0.06926299, 0.03490386, 0.04690322, 0.01342661, 0.06231955, 0.03945287, 0.07448514, 0.02470659, 0.06051073, 0.10860867, 0.05482420, 0.02313011, 0.03991746, 0.04360650, 0.05827025, 0.04765802, 0.01258573, 0.03054025, 0.06953785},
{0.06865568, 0.04823116, 0.05532880, 0.05533862, 0.01333461, 0.06315041, 0.03809254, 0.06089337, 0.02196805, 0.06846297, 0.10107119, 0.06076992, 0.02099284, 0.04185280, 0.04773184, 0.06731259, 0.05672138, 0.01106539, 0.03229572, 0.06673013},
{0.07976470, 0.04906072, 0.03861414, 0.06093537, 0.01297133, 0.06935160, 0.03546685, 0.05897334, 0.02055694, 0.06918696, 0.10594764, 0.05430428, 0.02187104, 0.04113164, 0.04476628, 0.06336187, 0.05082424, 0.01113089, 0.03143992, 0.08034025},
{0.07595383, 0.05445838, 0.04455807, 0.05328157, 0.02493884, 0.06387477, 0.03884581, 0.07274129, 0.02537252, 0.05575252, 0.08719238, 0.05797730, 0.02050462, 0.03958089, 0.05028644, 0.07087273, 0.05190690, 0.01134898, 0.03019901, 0.07035316},
{0.08340029, 0.05253734, 0.03466648, 0.05093089, 0.01352291, 0.07653641, 0.03743840, 0.06734104, 0.01936120, 0.06866977, 0.11229243, 0.05920387, 0.02481324, 0.04140604, 0.03924508, 0.05503364, 0.04774583, 0.01087523, 0.03048124, 0.07449867},
{0.08186225, 0.05634184, 0.03696661, 0.04584453, 0.01307059, 0.06431267, 0.05523025, 0.06511542, 0.02312198, 0.06343914, 0.11427667, 0.05462498, 0.02354418, 0.03910312, 0.04490831, 0.05949518, 0.04741715, 0.01155175, 0.02946100, 0.07031239},
{0.07963961, 0.05384914, 0.03691441, 0.05470571, 0.01426105, 0.05722356, 0.03311812, 0.08496931, 0.02116855, 0.06157596, 0.08928431, 0.05361784, 0.02230867, 0.03778590, 0.05424637, 0.06764855, 0.06037967, 0.01103727, 0.02957020, 0.07669581},
{0.07602134, 0.05499904, 0.04012117, 0.05976627, 0.01464052, 0.06149670, 0.03922912, 0.07325603, 0.03240934, 0.05903401, 0.10240099, 0.05026827, 0.02101324, 0.04126333, 0.04942617, 0.06289247, 0.04943336, 0.01216506, 0.03062573, 0.06953784},
{0.08337768, 0.05648770, 0.04814691, 0.06104340, 0.01308011, 0.07462077, 0.04103530, 0.07360533, 0.02384600, 0.05349823, 0.08108331, 0.06282335, 0.01932936, 0.03659299, 0.04592223, 0.06803465, 0.05620605, 0.00950554, 0.02829402, 0.06346707},
{0.08663152, 0.05913380, 0.04404652, 0.06119775, 0.01327198, 0.07717723, 0.04418731, 0.07134445, 0.02397868, 0.05002552, 0.08888736, 0.06300938, 0.01957479, 0.03499103, 0.04737191, 0.06669247, 0.05068163, 0.01049748, 0.02652800, 0.06077120},
{0.07637975, 0.05316347, 0.04105249, 0.04802697, 0.01296069, 0.06527721, 0.03705293, 0.06827119, 0.02138172, 0.06967343, 0.10525448, 0.07197477, 0.02288216, 0.04202638, 0.03978106, 0.05950351, 0.05080161, 0.01114703, 0.03311776, 0.07027138},
{0.08400318, 0.05822331, 0.04075850, 0.05781001, 0.01353219, 0.07487646, 0.04286593, 0.07179004, 0.02385153, 0.05413242, 0.08912917, 0.06061738, 0.02556893, 0.03959160, 0.04417370, 0.06266626, 0.05113444, 0.01100141, 0.02968506, 0.06458847},
{0.07582963, 0.05485879, 0.04743497, 0.06179032, 0.01467851, 0.06895319, 0.04121570, 0.07411497, 0.02511774, 0.05404100, 0.08534293, 0.06083178, 0.01982960, 0.03987863, 0.04960971, 0.06850078, 0.05396700, 0.01124509, 0.02968184, 0.06307778},
{0.07982164, 0.05032752, 0.03599748, 0.05218013, 0.01416011, 0.06107190, 0.03796674, 0.07417767, 0.02476182, 0.05625324, 0.09333265, 0.04825832, 0.02194191, 0.03953468, 0.06744190, 0.07086783, 0.05890098, 0.01223538, 0.03026311, 0.07050498},
{0.07704233, 0.05123178, 0.04089353, 0.05310844, 0.01446200, 0.06430081, 0.03728757, 0.06948476, 0.02169190, 0.05916076, 0.09944433, 0.05347547, 0.02093871, 0.03979842, 0.05052695, 0.08508440, 0.05541272, 0.01143766, 0.03004033, 0.06517713},
{0.08317260, 0.05319996, 0.04076069, 0.05463574, 0.01349042, 0.07118529, 0.03759174, 0.06801963, 0.02277247, 0.05733064, 0.09395588, 0.05708834, 0.02105193, 0.03794733, 0.04949112, 0.07041086, 0.06366138, 0.01053283, 0.02817481, 0.06552634},
{0.07633326, 0.06026412, 0.04359667, 0.05935891, 0.01592779, 0.06824931, 0.04401587, 0.07181980, 0.02458342, 0.04991473, 0.08802497, 0.06174392, 0.02143310, 0.03906530, 0.05136064, 0.06501525, 0.05222616, 0.01653094, 0.02925468, 0.06128115},
{0.07287542, 0.05614351, 0.04699747, 0.06075758, 0.01663303, 0.06546223, 0.04137902, 0.07113373, 0.02670639, 0.05693856, 0.08963819, 0.06004553, 0.02031003, 0.04013627, 0.04892791, 0.06506254, 0.05347594, 0.01150324, 0.03316573, 0.06270769},
{0.08991966, 0.05563103, 0.04059008, 0.06076639, 0.01396069, 0.07194600, 0.03728976, 0.07643583, 0.02241143, 0.05448644, 0.08689673, 0.05578919, 0.02080933, 0.03712047, 0.04594227, 0.06525545, 0.05418594, 0.00976393, 0.02702863, 0.07377075},
},{
{0.10398463, 0.05809249, 0.03609963, 0.05235385, 0.01264457, 0.06708888, 0.03949623, 0.07351756, 0.02223843, 0.05768996, 0.10032928, 0.05330622, 0.02219483, 0.03606462, 0.04560816, 0.06053953, 0.05137087, 0.01013217, 0.02673316, 0.07051493},
{0.08575100, 0.06875279, 0.03633624, 0.05608110, 0.01229712, 0.07082001, 0.04148110, 0.07271482, 0.02252713, 0.05520584, 0.09835827, 0.05674278, 0.02161615, 0.03793818, 0.04425041, 0.06346087, 0.04954022, 0.01104009, 0.02801593, 0.06706993},
{0.06831205, 0.05179284, 0.05552493, 0.05448901, 0.01310354, 0.06304448, 0.03801130, 0.06358083, 0.02180864, 0.06713959, 0.09757793, 0.06403288, 0.02032906, 0.04162805, 0.04352381, 0.06754005, 0.05503518, 0.01102136, 0.03256294, 0.06994153},
{0.07923107, 0.06079777, 0.04053345, 0.05829581, 0.01214734, 0.06865807, 0.03601145, 0.06683352, 0.02177709, 0.06320497, 0.09312923, 0.06504959, 0.02014234, 0.03865043, 0.04233108, 0.06238716, 0.05636338, 0.01080488, 0.03021212, 0.07343926},
{0.07403680, 0.04726749, 0.04132191, 0.05138254, 0.05355433, 0.05453900, 0.03360216, 0.07512768, 0.02591961, 0.05619430, 0.09609672, 0.04806772, 0.02144413, 0.03950748, 0.05092587, 0.06675532, 0.05399452, 0.01210205, 0.03190123, 0.06625915},
{0.08314812, 0.06776207, 0.03879234, 0.05789484, 0.01146853, 0.08491480, 0.04282916, 0.06327950, 0.02006853, 0.05607399, 0.09031974, 0.07668581, 0.01940713, 0.03509836, 0.04290978, 0.05980601, 0.04857864, 0.00984219, 0.02706810, 0.06405236},
{0.08284621, 0.05816432, 0.04032314, 0.05393124, 0.01266378, 0.07237400, 0.05683926, 0.06423681, 0.02301250, 0.05704541, 0.09764629, 0.05853347, 0.02085032, 0.03672886, 0.04622993, 0.06478837, 0.05021588, 0.01094437, 0.02783894, 0.06478689},
{0.08344685, 0.05158594, 0.03422058, 0.04810972, 0.01406814, 0.05545679, 0.03211016, 0.08487578, 0.02325924, 0.06471822, 0.09522639, 0.04899825, 0.02193061, 0.04164494, 0.05121837, 0.06440192, 0.05745371, 0.01096898, 0.03065498, 0.08565044},
{0.07494967, 0.05801187, 0.04247691, 0.05462960, 0.01574007, 0.06526608, 0.04110217, 0.07041497, 0.03242211, 0.05577530, 0.09352587, 0.05295287, 0.02132499, 0.04025405, 0.04996342, 0.06650748, 0.05510442, 0.01179077, 0.03113634, 0.06665104},
{0.08299217, 0.04767351, 0.04560137, 0.05657596, 0.01370984, 0.06518744, 0.03593516, 0.07773413, 0.02312117, 0.06553468, 0.10001750, 0.05573101, 0.02277760, 0.03987027, 0.04325095, 0.06396177, 0.05335576, 0.01076471, 0.02981011, 0.06639489},
{0.08734875, 0.05400098, 0.03959254, 0.05315235, 0.01409800, 0.06748577, 0.04025304, 0.07063998, 0.02432352, 0.05859971, 0.10909290, 0.05556743, 0.02322994, 0.03915260, 0.04430224, 0.06401404, 0.04994788, 0.01140848, 0.02970053, 0.06408933},
{0.07379384, 0.05384232, 0.04382405, 0.05777118, 0.01143919, 0.08162315, 0.04135218, 0.06606680, 0.02030728, 0.06226687, 0.09304749, 0.07709574, 0.01925798, 0.03814047, 0.04247460, 0.06317397, 0.04917641, 0.00952262, 0.02892501, 0.06689885},
{0.08784730, 0.05249554, 0.04077575, 0.05453401, 0.01434992, 0.06475699, 0.03767601, 0.07313243, 0.02362560, 0.05814673, 0.10057664, 0.05326465, 0.02796308, 0.04029610, 0.04288432, 0.06392758, 0.05224701, 0.01164062, 0.03106085, 0.06879888},
{0.07690399, 0.05093038, 0.04380357, 0.05767950, 0.01400502, 0.06507326, 0.03717888, 0.06995876, 0.02439572, 0.05853724, 0.09938347, 0.05489908, 0.02395349, 0.04497952, 0.04857369, 0.06715559, 0.05261365, 0.01306410, 0.03216278, 0.06474833},
{0.08103671, 0.05568892, 0.03394457, 0.04945482, 0.01455394, 0.06273346, 0.03990072, 0.06643602, 0.02230676, 0.05893009, 0.09305508, 0.05218235, 0.02118933, 0.03788630, 0.06806384, 0.06882516, 0.05766578, 0.01176687, 0.02901683, 0.07536245},
{0.07596697, 0.05228395, 0.04310459, 0.05694153, 0.01379694, 0.06902857, 0.04078142, 0.06858757, 0.02259579, 0.05553082, 0.09195603, 0.05511744, 0.02021391, 0.03839338, 0.05146755, 0.08322755, 0.05632794, 0.01081377, 0.02900620, 0.06485807},
{0.08138394, 0.05230785, 0.04235034, 0.05677376, 0.01363603, 0.06863361, 0.04143660, 0.07325223, 0.02321088, 0.05721398, 0.08919851, 0.05404616, 0.02092618, 0.03774764, 0.05028919, 0.06944058, 0.06053530, 0.01093219, 0.02883192, 0.06785309},
{0.07737329, 0.05708679, 0.04329358, 0.05823477, 0.01382759, 0.06558747, 0.03915339, 0.07570772, 0.02459324, 0.04914001, 0.09369680, 0.05299599, 0.02229922, 0.04250631, 0.05347290, 0.06565138, 0.04996940, 0.01669730, 0.03209943, 0.06661344},
{0.07211072, 0.05260999, 0.04524652, 0.05996137, 0.01404846, 0.06757695, 0.03972888, 0.06843043, 0.02375657, 0.05948641, 0.09330143, 0.05835753, 0.02293614, 0.04115773, 0.04928023, 0.06665809, 0.05279691, 0.01163123, 0.03549905, 0.06542537},
{0.08910614, 0.05001177, 0.04023727, 0.05706768, 0.01387962, 0.06452183, 0.03513141, 0.08081099, 0.02302206, 0.05879212, 0.09666653, 0.05203244, 0.02311471, 0.03713803, 0.04672730, 0.06454163, 0.05469329, 0.01077500, 0.02849930, 0.07323088},
},{
{0.11501792, 0.05686612, 0.03387174, 0.05140055, 0.01247355, 0.06458403, 0.03751123, 0.08130501, 0.02177746, 0.05379284, 0.09702560, 0.05222995, 0.02095133, 0.03523642, 0.04550443, 0.06154167, 0.05074727, 0.01045835, 0.02700077, 0.07070377},
{0.08274568, 0.06802489, 0.03619883, 0.05582322, 0.01289728, 0.07869545, 0.04154242, 0.06876399, 0.02252712, 0.05717400, 0.09651726, 0.05548243, 0.02123847, 0.03598931, 0.04791241, 0.06271981, 0.04963903, 0.01106195, 0.02791343, 0.06713301},
{0.07319688, 0.05100336, 0.05536470, 0.05257229, 0.01331671, 0.06466933, 0.03980963, 0.06178761, 0.02254434, 0.06692012, 0.09251550, 0.06257201, 0.02178417, 0.04102787, 0.04259235, 0.06965268, 0.05551268, 0.01143193, 0.03239359, 0.06933224},
{0.08495237, 0.06024358, 0.04103989, 0.05798125, 0.01288277, 0.07127318, 0.03918855, 0.06143912, 0.02202525, 0.06229785, 0.09385873, 0.06031659, 0.02112727, 0.03993269, 0.04304488, 0.06200926, 0.05162387, 0.01116859, 0.03083391, 0.07276040},
{0.07187164, 0.04909234, 0.04310112, 0.05295028, 0.02839644, 0.05763237, 0.03616526, 0.09187576, 0.02703129, 0.05434459, 0.09526676, 0.04992378, 0.02162749, 0.04743367, 0.04751118, 0.06757515, 0.05150494, 0.01242752, 0.03150811, 0.06276031},
{0.08317680, 0.06566625, 0.04001412, 0.05552429, 0.01114031, 0.08414804, 0.04534213, 0.05829201, 0.02173709, 0.05626764, 0.09271669, 0.07552766, 0.01936910, 0.03507785, 0.04206693, 0.06110628, 0.04985391, 0.01006634, 0.02813907, 0.06476750},
{0.07990895, 0.05570915, 0.04203108, 0.06098181, 0.01188163, 0.07814420, 0.05674675, 0.06155981, 0.02364000, 0.05483635, 0.09544603, 0.05810139, 0.02068770, 0.03606768, 0.04574573, 0.06437106, 0.05132237, 0.01203483, 0.02747158, 0.06331189},
{0.08977148, 0.05588493, 0.03596327, 0.05238326, 0.01386218, 0.05977760, 0.03423028, 0.08442054, 0.02206873, 0.05850070, 0.09272133, 0.04832800, 0.02086173, 0.03963688, 0.04966709, 0.06753140, 0.05672148, 0.01113985, 0.02993822, 0.07659105},
{0.07529770, 0.05419784, 0.03865973, 0.05366551, 0.01440582, 0.06473325, 0.04146570, 0.06682146, 0.03475540, 0.05892264, 0.09903043, 0.05502155, 0.02270686, 0.03906613, 0.04935477, 0.06436148, 0.05388996, 0.01103080, 0.03028178, 0.07233117},
{0.07465784, 0.04984047, 0.04513936, 0.05652810, 0.01471093, 0.06355563, 0.03548593, 0.07379134, 0.02320579, 0.06783335, 0.10215080, 0.05974145, 0.02380332, 0.03998158, 0.04291080, 0.06336151, 0.05501510, 0.00995621, 0.02927137, 0.06905910},
{0.08032738, 0.05238777, 0.03962047, 0.05489896, 0.01460768, 0.06441619, 0.03924054, 0.07817569, 0.02294396, 0.06003687, 0.10727391, 0.05352305, 0.02272771, 0.04036367, 0.04789800, 0.06272219, 0.05047402, 0.01079112, 0.02976273, 0.06780808},
{0.07344850, 0.05136672, 0.04258725, 0.05918683, 0.01305754, 0.08645295, 0.04006118, 0.05957285, 0.02030282, 0.06437265, 0.09149493, 0.07542633, 0.01971063, 0.03787663, 0.04244359, 0.06387012, 0.05188782, 0.01015469, 0.02925799, 0.06746801},
{0.08194849, 0.05212435, 0.04077724, 0.05520900, 0.01398111, 0.06564721, 0.03875595, 0.08164667, 0.02408513, 0.05869821, 0.09874726, 0.05430844, 0.02814268, 0.04105749, 0.04507262, 0.06211215, 0.04981275, 0.01131425, 0.03024685, 0.06631215},
{0.07225586, 0.05005804, 0.04316441, 0.05576835, 0.01687223, 0.06056201, 0.03647265, 0.07316800, 0.02449187, 0.05848025, 0.10088605, 0.05623743, 0.02354426, 0.04799764, 0.04702059, 0.06610674, 0.05383615, 0.01203132, 0.03315307, 0.06789308},
{0.08616349, 0.05674511, 0.03609330, 0.05082581, 0.01273781, 0.06632234, 0.04028883, 0.07200187, 0.02294030, 0.05484042, 0.08797065, 0.05419846, 0.01957851, 0.03704463, 0.06747376, 0.06924505, 0.05543743, 0.01171059, 0.02894075, 0.06944088},
{0.08061075, 0.05411334, 0.04242466, 0.05235936, 0.01352461, 0.06201663, 0.03916265, 0.06748076, 0.02252042, 0.05733194, 0.09391711, 0.05741932, 0.02075130, 0.03913187, 0.05018914, 0.08485044, 0.05642657, 0.01105233, 0.02937954, 0.06533727},
{0.08237404, 0.05219265, 0.04182325, 0.05216245, 0.01382871, 0.06353614, 0.03757067, 0.06644502, 0.02267973, 0.06301760, 0.09854231, 0.05490321, 0.02353550, 0.03812578, 0.04948626, 0.06784178, 0.05957130, 0.01151479, 0.02889869, 0.07195010},
{0.07307234, 0.06095249, 0.04491530, 0.05465101, 0.01768526, 0.06257002, 0.04299054, 0.07871189, 0.02770299, 0.05107238, 0.09035297, 0.05347396, 0.02192388, 0.04189781, 0.04836163, 0.06527301, 0.05415770, 0.01621358, 0.03232298, 0.06169826},
{0.06739822, 0.05428961, 0.04560815, 0.05810717, 0.01620804, 0.06406092, 0.04012184, 0.06910399, 0.02407870, 0.06057913, 0.09545542, 0.06312658, 0.02289258, 0.04009601, 0.04673683, 0.06434034, 0.05297199, 0.01229728, 0.03489833, 0.06762887},
{0.08203170, 0.05225656, 0.04055282, 0.05928278, 0.01475911, 0.06482237, 0.03507186, 0.08017589, 0.02227200, 0.05952082, 0.10006067, 0.05341391, 0.02228014, 0.03692322, 0.04707595, 0.06261548, 0.05571595, 0.00987532, 0.02779049, 0.07350297},
},{
{0.09879570, 0.05661313, 0.03602456, 0.05332214, 0.01240660, 0.06614553, 0.03911917, 0.07591243, 0.02218195, 0.05713651, 0.10143726, 0.05428934, 0.02229411, 0.03619558, 0.04568052, 0.06137824, 0.05140035, 0.01078759, 0.02694105, 0.07193825},
{0.08455248, 0.06667617, 0.03805984, 0.05427632, 0.01371547, 0.07024138, 0.04014175, 0.07164104, 0.02433592, 0.05482806, 0.09885320, 0.05650095, 0.02141252, 0.03658614, 0.04583449, 0.06314975, 0.05158755, 0.01093805, 0.02893556, 0.06773335},
{0.07382323, 0.05001027, 0.05311853, 0.05419155, 0.01416107, 0.06460178, 0.04040723, 0.06027816, 0.02298181, 0.06714956, 0.09738594, 0.06020718, 0.02139966, 0.04192927, 0.04373286, 0.06810826, 0.05475726, 0.01123614, 0.03172293, 0.06879732},
{0.08283097, 0.05602816, 0.03748142, 0.05603954, 0.01390564, 0.07007408, 0.03745122, 0.06505836, 0.02219954, 0.06373634, 0.10096306, 0.05549754, 0.02329396, 0.04017649, 0.04320498, 0.06144985, 0.05318364, 0.01168176, 0.03157406, 0.07416941},
{0.07397102, 0.05474200, 0.04156311, 0.05438092, 0.02978940, 0.06356566, 0.03713842, 0.07632131, 0.02554046, 0.05441239, 0.08997564, 0.05821276, 0.02071095, 0.03680075, 0.05050035, 0.06933913, 0.05424470, 0.01184508, 0.03049852, 0.06644741},
{0.08436755, 0.05525767, 0.03682673, 0.05452262, 0.01369203, 0.07774817, 0.03885981, 0.06129766, 0.02137663, 0.06395775, 0.10662211, 0.06048948, 0.02213122, 0.04044988, 0.04145743, 0.05920762, 0.04920496, 0.01065760, 0.03114461, 0.07072848},
{0.08362576, 0.05564380, 0.03925358, 0.05036885, 0.01304774, 0.06840568, 0.05172637, 0.06299179, 0.02343427, 0.05887551, 0.10358845, 0.05704907, 0.02222460, 0.03874014, 0.04603512, 0.06422857, 0.05171072, 0.01150433, 0.03000833, 0.06753732},
{0.08464167, 0.05388760, 0.03665888, 0.05420637, 0.01444910, 0.06087335, 0.03538779, 0.08094781, 0.02258340, 0.06181438, 0.09636541, 0.04836391, 0.02351153, 0.03980336, 0.04740128, 0.06388490, 0.05552148, 0.01157819, 0.02931265, 0.07880693},
{0.08077138, 0.05525027, 0.03932055, 0.05546846, 0.01440404, 0.06473036, 0.04103653, 0.06839120, 0.03032354, 0.05776767, 0.09457802, 0.05380661, 0.02090364, 0.03834022, 0.05009117, 0.06640893, 0.05716121, 0.01220242, 0.03025174, 0.06879202},
{0.07812877, 0.05249400, 0.04708768, 0.05855185, 0.01301543, 0.06961280, 0.03759162, 0.07909639, 0.02234578, 0.06052193, 0.08866827, 0.06428363, 0.02084032, 0.03880388, 0.04700313, 0.06649639, 0.05313893, 0.00969509, 0.02832853, 0.06429557},
{0.08359289, 0.05676633, 0.04157719, 0.05605435, 0.01326148, 0.06932305, 0.04160538, 0.07409794, 0.02258939, 0.05785470, 0.09508133, 0.05947877, 0.02048216, 0.03807068, 0.04834421, 0.06563456, 0.05175183, 0.01057619, 0.02810899, 0.06574856},
{0.07589241, 0.05418930, 0.04358620, 0.05364695, 0.01305690, 0.07251699, 0.03843183, 0.06250539, 0.02143905, 0.06489802, 0.09692908, 0.07364983, 0.02130323, 0.03913892, 0.04178286, 0.06404374, 0.05177820, 0.01036094, 0.03153667, 0.06931351},
{0.08484728, 0.05576226, 0.04077415, 0.05387678, 0.01321332, 0.06965643, 0.03991437, 0.07720350, 0.02318486, 0.05738511, 0.09362989, 0.05735149, 0.02552931, 0.03947626, 0.04633732, 0.06460378, 0.05171297, 0.01071768, 0.02803379, 0.06678944},
{0.07581717, 0.05273318, 0.04522334, 0.05802542, 0.01421290, 0.06613230, 0.03763710, 0.07374222, 0.02428356, 0.05852485, 0.09326995, 0.05912354, 0.02122988, 0.04343986, 0.04926288, 0.06669403, 0.05350930, 0.01143329, 0.03079495, 0.06491028},
{0.08572275, 0.05507599, 0.03546859, 0.05144461, 0.01396353, 0.06467505, 0.03952427, 0.06910675, 0.02321145, 0.05653209, 0.09473651, 0.05154097, 0.02091930, 0.03715470, 0.06309661, 0.06942002, 0.05508014, 0.01197647, 0.03003199, 0.07131823},
{0.07870473, 0.05314570, 0.04137324, 0.05271334, 0.01462085, 0.06457810, 0.04019624, 0.06576701, 0.02276903, 0.05872993, 0.09893167, 0.05600048, 0.02148620, 0.03889252, 0.04951097, 0.07855389, 0.05634548, 0.01127314, 0.02906308, 0.06734439},
{0.08361541, 0.05440370, 0.04028379, 0.05454529, 0.01356287, 0.06637906, 0.03831102, 0.06982655, 0.02274677, 0.05902604, 0.09694792, 0.05616845, 0.02186763, 0.03826762, 0.04716427, 0.06850445, 0.05924915, 0.01089742, 0.02921985, 0.06901273},
{0.07804488, 0.05496537, 0.04092444, 0.05577543, 0.01540702, 0.06414744, 0.04246117, 0.07683489, 0.02407910, 0.05399098, 0.09590096, 0.05595770, 0.02120925, 0.04192356, 0.05298217, 0.06529877, 0.05248383, 0.01420285, 0.03021195, 0.06319825},
{0.07396391, 0.05469284, 0.04604081, 0.06071034, 0.01527096, 0.06914528, 0.03953711, 0.07375043, 0.02420980, 0.05833751, 0.08955707, 0.06181530, 0.02009085, 0.04070546, 0.04701862, 0.06570940, 0.05192033, 0.01101800, 0.03348583, 0.06302014},
{0.08623818, 0.05612247, 0.04134924, 0.05956889, 0.01299199, 0.06941837, 0.03777103, 0.08384304, 0.02238007, 0.05361856, 0.08845220, 0.05838881, 0.02096143, 0.03599462, 0.04897710, 0.06519889, 0.05337915, 0.01011022, 0.02681396, 0.06842178},
},{
{0.09861099, 0.05733082, 0.03684350, 0.05411769, 0.01213575, 0.06775205, 0.03951949, 0.07482843, 0.02206829, 0.05527810, 0.09795573, 0.05521683, 0.02174534, 0.03617376, 0.04834816, 0.06245017, 0.05276649, 0.01007584, 0.02626474, 0.07051783},
{0.08522583, 0.06500449, 0.03692265, 0.05407044, 0.01372421, 0.06851914, 0.03851158, 0.07319948, 0.02316299, 0.05701719, 0.09800808, 0.05519790, 0.02164418, 0.03766865, 0.04861384, 0.06320577, 0.05069835, 0.01119389, 0.02845715, 0.06995419},
{0.07562901, 0.04866398, 0.05368110, 0.05431443, 0.01406955, 0.06473632, 0.03879121, 0.06446837, 0.02201025, 0.06653376, 0.09679652, 0.06093700, 0.02133972, 0.04171034, 0.04289737, 0.06751793, 0.05359441, 0.01083520, 0.03195635, 0.06951718},
{0.08119572, 0.05651001, 0.03879404, 0.05973160, 0.01390309, 0.06950607, 0.03823901, 0.06779469, 0.02187450, 0.06337843, 0.09980860, 0.05625026, 0.02135779, 0.04030597, 0.04384415, 0.06174530, 0.05173191, 0.01123295, 0.03105092, 0.07174498},
{0.07809727, 0.05444127, 0.04179081, 0.05443090, 0.03030169, 0.06418721, 0.03792950, 0.07543147, 0.02449151, 0.05075152, 0.08789540, 0.05521652, 0.02086355, 0.03892736, 0.05318666, 0.07027334, 0.05412426, 0.01236607, 0.03197118, 0.06332253},
{0.08142922, 0.05636049, 0.03812486, 0.05492558, 0.01328904, 0.07683608, 0.03902186, 0.06634186, 0.02139787, 0.06335174, 0.10400161, 0.06163414, 0.02194025, 0.03872394, 0.04299206, 0.05973350, 0.04907885, 0.01056843, 0.02889680, 0.07135182},
{0.08219859, 0.05648547, 0.03937806, 0.05084545, 0.01384015, 0.06691890, 0.05187928, 0.06684188, 0.02364626, 0.05880145, 0.10390734, 0.05658083, 0.02174867, 0.03806220, 0.04720296, 0.06313357, 0.05106233, 0.01157786, 0.02916894, 0.06671982},
{0.08743522, 0.05363953, 0.03601986, 0.05355168, 0.01530519, 0.06178527, 0.03590506, 0.08368496, 0.02256348, 0.06086180, 0.09468103, 0.05205672, 0.02289088, 0.03800367, 0.04630201, 0.06410191, 0.05465367, 0.01171028, 0.02888106, 0.07596672},
{0.07903004, 0.05596171, 0.04118614, 0.05299172, 0.01623279, 0.06473015, 0.03984000, 0.07097917, 0.02829142, 0.05887313, 0.09739487, 0.05281605, 0.02220087, 0.03996780, 0.04849759, 0.06509916, 0.05286787, 0.01202750, 0.03197224, 0.06903977},
{0.07901384, 0.05316596, 0.04591466, 0.05784054, 0.01231216, 0.07104062, 0.03824967, 0.07346905, 0.02324758, 0.06114737, 0.09191825, 0.06389542, 0.02088386, 0.03864201, 0.04432956, 0.06524457, 0.05340467, 0.00994826, 0.02953023, 0.06680172},
{0.08362766, 0.05633092, 0.04138244, 0.05728710, 0.01277464, 0.07085302, 0.04167988, 0.06906201, 0.02370334, 0.05754674, 0.09705950, 0.05895184, 0.02086650, 0.03722977, 0.04657913, 0.06615055, 0.05283485, 0.01082701, 0.02825570, 0.06699742},
{0.07617607, 0.05307767, 0.04198805, 0.05336437, 0.01371675, 0.07122212, 0.03761617, 0.06679257, 0.02146898, 0.06600208, 0.09757047, 0.07134994, 0.02137139, 0.04086530, 0.04192206, 0.06239306, 0.05021756, 0.01044692, 0.03192404, 0.07051444},
{0.08321260, 0.05687420, 0.04277458, 0.05489498, 0.01278055, 0.07000227, 0.03908654, 0.07414539, 0.02300180, 0.05756038, 0.09346013, 0.05968548, 0.02507803, 0.03773702, 0.04595007, 0.06410293, 0.05249360, 0.01022199, 0.03052082, 0.06641664},
{0.07702292, 0.05437061, 0.04437458, 0.05688114, 0.01321313, 0.06700540, 0.03944957, 0.07074336, 0.02376409, 0.05906857, 0.09392514, 0.05885385, 0.02173472, 0.04264505, 0.04756143, 0.06775494, 0.05346547, 0.01188690, 0.03064347, 0.06563566},
{0.08311451, 0.05406915, 0.03555313, 0.05235149, 0.01529592, 0.06119409, 0.03829441, 0.06779742, 0.02317080, 0.05746537, 0.09885530, 0.04954904, 0.02232754, 0.04020521, 0.06281876, 0.06830503, 0.05696884, 0.01250971, 0.02963868, 0.07051562},
{0.07972485, 0.05434420, 0.04161232, 0.05201956, 0.01417951, 0.06406931, 0.04015150, 0.06762801, 0.02221818, 0.05835050, 0.09779438, 0.05661000, 0.02154778, 0.03937168, 0.04911177, 0.08031846, 0.05575808, 0.01080670, 0.02873808, 0.06564513},
{0.08542486, 0.05342684, 0.04083227, 0.05358419, 0.01378137, 0.06671452, 0.03935546, 0.07011976, 0.02289243, 0.05846574, 0.09486531, 0.05649643, 0.02245936, 0.03844229, 0.04801767, 0.06790966, 0.05921649, 0.01060641, 0.02939166, 0.06799726},
{0.07894105, 0.05466463, 0.03949138, 0.05609265, 0.01487348, 0.06613200, 0.03922508, 0.07413650, 0.02564915, 0.05282382, 0.09664099, 0.05230480, 0.02194860, 0.04224799, 0.05275057, 0.06402198, 0.05505559, 0.01614386, 0.03203306, 0.06482281},
{0.07427398, 0.05483769, 0.04441921, 0.05783472, 0.01433838, 0.06956175, 0.04065839, 0.06997922, 0.02397067, 0.05947895, 0.09156967, 0.06137977, 0.02105507, 0.03954357, 0.04846407, 0.06528559, 0.05303437, 0.01186210, 0.03342419, 0.06502864},
{0.08466222, 0.05551841, 0.04121760, 0.05798177, 0.01297201, 0.06913595, 0.03772838, 0.08056360, 0.02331365, 0.05519983, 0.09065409, 0.05724573, 0.02086954, 0.03678866, 0.04756702, 0.06531356, 0.05484826, 0.01010882, 0.02847067, 0.06984024},
},{
{0.09908592, 0.05651141, 0.03622420, 0.05462560, 0.01220026, 0.06608488, 0.03961109, 0.07638048, 0.02216366, 0.05602574, 0.09796034, 0.05321642, 0.02159352, 0.03640672, 0.04808969, 0.06231262, 0.05295714, 0.01062453, 0.02615922, 0.07176655},
{0.08416845, 0.06759142, 0.03723666, 0.05603742, 0.01345169, 0.06946634, 0.04129215, 0.07391676, 0.02301913, 0.05551766, 0.09547974, 0.05692933, 0.02079223, 0.03614584, 0.04822181, 0.06218028, 0.04949260, 0.01143303, 0.02824183, 0.06938562},
{0.07394223, 0.04967256, 0.05426872, 0.05598410, 0.01427759, 0.06742096, 0.03943736, 0.06531795, 0.02236827, 0.06417794, 0.09483522, 0.06164316, 0.02166342, 0.03997607, 0.04285071, 0.06893526, 0.05377975, 0.01085233, 0.03138438, 0.06721202},
{0.08373902, 0.05721879, 0.04142872, 0.06276347, 0.01326132, 0.07354959, 0.03858516, 0.06657643, 0.02262793, 0.05998283, 0.09239043, 0.05962798, 0.02086824, 0.03810736, 0.04392061, 0.06468279, 0.05293324, 0.01066810, 0.02911808, 0.06794991},
{0.07286754, 0.05471374, 0.04020659, 0.05043837, 0.03172499, 0.05762415, 0.03651423, 0.07170614, 0.02654055, 0.05475521, 0.09514385, 0.05374552, 0.02202591, 0.04637385, 0.04926314, 0.06924123, 0.05294398, 0.01269130, 0.03387995, 0.06759976},
{0.08155664, 0.06065998, 0.04087213, 0.06092989, 0.01213828, 0.08774038, 0.04336589, 0.06367847, 0.02123968, 0.05676776, 0.08878317, 0.06876511, 0.01984074, 0.03545561, 0.04430548, 0.06272222, 0.04948706, 0.00959949, 0.02675272, 0.06533930},
{0.08153921, 0.05724782, 0.04230111, 0.05559971, 0.01288909, 0.07121502, 0.05508311, 0.06586833, 0.02330906, 0.05537081, 0.09329854, 0.05920251, 0.02135477, 0.03575790, 0.04726568, 0.06650470, 0.05213475, 0.01069741, 0.02820740, 0.06515306},
{0.09136946, 0.05396986, 0.03745957, 0.05406893, 0.01424065, 0.06235309, 0.03524878, 0.08250920, 0.02257275, 0.05842779, 0.09250588, 0.05005147, 0.02213065, 0.03824545, 0.04894982, 0.06700594, 0.05650809, 0.01104667, 0.02808892, 0.07324705},
{0.08188513, 0.05718267, 0.04044199, 0.05560045, 0.01454113, 0.06645577, 0.04132976, 0.07037508, 0.02746798, 0.05722310, 0.09690116, 0.05427798, 0.02276522, 0.03898755, 0.04849484, 0.06400088, 0.05158564, 0.01152143, 0.03050186, 0.06846038},
{0.07688165, 0.05148563, 0.04319637, 0.05410916, 0.01290931, 0.06549461, 0.03529281, 0.07569459, 0.02274955, 0.06703225, 0.09796499, 0.06105808, 0.02231397, 0.04050501, 0.04461247, 0.06447096, 0.05421941, 0.01017286, 0.03120917, 0.06862715},
{0.08237618, 0.05486026, 0.03859594, 0.05214295, 0.01371696, 0.06495455, 0.03884181, 0.06970056, 0.02428232, 0.06042231, 0.10759964, 0.05437979, 0.02159702, 0.04090437, 0.04613210, 0.06420190, 0.05224934, 0.01132807, 0.03080329, 0.07091065},
{0.07421284, 0.05391054, 0.04501122, 0.05771729, 0.01352052, 0.07637943, 0.03917450, 0.06601767, 0.02089588, 0.06287619, 0.09049788, 0.07584016, 0.01988746, 0.03837003, 0.04329596, 0.06428967, 0.05122824, 0.00987172, 0.02923091, 0.06777191},
{0.08178685, 0.05284006, 0.03997042, 0.05258614, 0.01385114, 0.06634510, 0.03863078, 0.07301971, 0.02421233, 0.06061095, 0.10213684, 0.05498004, 0.02633904, 0.04075626, 0.04633261, 0.06263836, 0.05340271, 0.01027811, 0.03019622, 0.06908633},
{0.07721172, 0.05071990, 0.04135327, 0.05286488, 0.01499335, 0.06423296, 0.03656720, 0.06948929, 0.02355094, 0.06221030, 0.10260731, 0.05735295, 0.02280047, 0.04488481, 0.04617861, 0.06442519, 0.05258685, 0.01235143, 0.03413243, 0.06948614},
{0.08378103, 0.05533485, 0.03600037, 0.05225680, 0.01472760, 0.06467408, 0.04117354, 0.07279131, 0.02308256, 0.05682761, 0.09552177, 0.05192890, 0.02137124, 0.03691160, 0.06050489, 0.06847526, 0.05489481, 0.01230491, 0.02826021, 0.06917666},
{0.07968359, 0.05416416, 0.04180203, 0.05299853, 0.01416024, 0.06376803, 0.03964528, 0.06635380, 0.02217772, 0.05944458, 0.09805838, 0.05522882, 0.02132259, 0.03927330, 0.04891059, 0.07909284, 0.05577134, 0.01087831, 0.02916962, 0.06809625},
{0.08656953, 0.05287635, 0.04109694, 0.05301048, 0.01426611, 0.06475442, 0.03849789, 0.07105842, 0.02302929, 0.05855632, 0.09814852, 0.05529995, 0.02268512, 0.03841814, 0.04690947, 0.06795799, 0.05847924, 0.01085847, 0.02957809, 0.06794927},
{0.08153559, 0.05345506, 0.03880270, 0.05210666, 0.01827833, 0.06279194, 0.03737812, 0.07081634, 0.02355547, 0.05751141, 0.10282853, 0.05382042, 0.02302611, 0.04214239, 0.04875143, 0.06137465, 0.04970536, 0.01862283, 0.03427715, 0.06921952},
{0.07329872, 0.05297263, 0.04439370, 0.05537047, 0.01447843, 0.06676124, 0.03829028, 0.07017855, 0.02369263, 0.06148293, 0.09630478, 0.06074741, 0.02262277, 0.04124047, 0.04647436, 0.06420156, 0.05283391, 0.01245955, 0.03576004, 0.06643557},
{0.08448088, 0.05470144, 0.03972370, 0.05430157, 0.01296903, 0.06526671, 0.03661570, 0.08031295, 0.02298055, 0.05872118, 0.09636934, 0.05665071, 0.02241246, 0.03834919, 0.04889912, 0.06188847, 0.05464261, 0.01047031, 0.02860192, 0.07164218},
},{
{0.09847457, 0.05643565, 0.03629882, 0.05376744, 0.01281784, 0.06689189, 0.03877944, 0.07525295, 0.02264724, 0.05690443, 0.09801106, 0.05350230, 0.02122512, 0.03663034, 0.04765152, 0.06183864, 0.05204166, 0.01080528, 0.02692362, 0.07310019},
{0.08525291, 0.06672689, 0.03734629, 0.05568910, 0.01354130, 0.07007640, 0.04122767, 0.06967239, 0.02338607, 0.05499276, 0.09684006, 0.05606168, 0.02162792, 0.03672983, 0.04713934, 0.06328941, 0.05153942, 0.01068645, 0.02850393, 0.06967018},
{0.07488986, 0.05142552, 0.05434600, 0.05564211, 0.01486370, 0.06652996, 0.03908992, 0.06542594, 0.02223366, 0.06327964, 0.09487229, 0.06094977, 0.02180097, 0.03936992, 0.04383863, 0.06886677, 0.05465021, 0.01074145, 0.03154293, 0.06564078},
{0.08437969, 0.05620767, 0.04056184, 0.06167965, 0.01326858, 0.07291971, 0.03873073, 0.06734942, 0.02287339, 0.05942456, 0.09564882, 0.05730199, 0.02148239, 0.03714560, 0.04395673, 0.06469402, 0.05280882, 0.01066900, 0.02956302, 0.06933437},
{0.07577987, 0.05399085, 0.04128058, 0.05436722, 0.02587879, 0.06144839, 0.03757296, 0.07323674, 0.02584688, 0.05581583, 0.09353180, 0.05494390, 0.02137574, 0.03946752, 0.05104059, 0.07224025, 0.05392741, 0.01209976, 0.03069594, 0.06545896},
{0.08239457, 0.05725284, 0.04022069, 0.05926707, 0.01332122, 0.08346506, 0.04141754, 0.06367761, 0.02236746, 0.05823844, 0.09420461, 0.06412639, 0.02105078, 0.03549025, 0.04324335, 0.06215723, 0.05165489, 0.01008409, 0.02929412, 0.06707178},
{0.08224497, 0.05626219, 0.04158900, 0.05404990, 0.01332422, 0.07046038, 0.05311957, 0.06386946, 0.02286266, 0.05585595, 0.09702401, 0.05925597, 0.02152151, 0.03652706, 0.04708685, 0.06653412, 0.05259467, 0.01103008, 0.02845894, 0.06632850},
{0.08759179, 0.05598144, 0.03840010, 0.05414492, 0.01425099, 0.06371627, 0.03630613, 0.08072907, 0.02271532, 0.05819220, 0.09560512, 0.05188997, 0.02281983, 0.03765587, 0.04936181, 0.06459380, 0.05529441, 0.01164442, 0.02832866, 0.07077790},
{0.08358090, 0.05622285, 0.03854634, 0.05704976, 0.01751340, 0.06530843, 0.04062954, 0.07326412, 0.02751511, 0.05644357, 0.09532914, 0.05594798, 0.02242515, 0.03864509, 0.04755665, 0.06462371, 0.05274233, 0.01086789, 0.02996425, 0.06582377},
{0.07730101, 0.05123516, 0.04380685, 0.05460088, 0.01308808, 0.06619029, 0.03660233, 0.07453485, 0.02277252, 0.06709970, 0.09624245, 0.06167715, 0.02190333, 0.04126245, 0.04495116, 0.06382439, 0.05345701, 0.01045815, 0.03011868, 0.06887358},
{0.08099919, 0.05461309, 0.03913366, 0.05276820, 0.01325708, 0.06671126, 0.03953726, 0.07256658, 0.02294408, 0.06115761, 0.10375035, 0.05604492, 0.02119832, 0.04044223, 0.04736378, 0.06409405, 0.05146449, 0.01112681, 0.02885402, 0.07197301},
{0.07530589, 0.05369321, 0.04385171, 0.05704229, 0.01319575, 0.07521659, 0.03941235, 0.06559829, 0.02124506, 0.06255145, 0.09207843, 0.07450048, 0.02086664, 0.03860620, 0.04289218, 0.06523806, 0.05187305, 0.00977455, 0.02993228, 0.06712554},
{0.08296877, 0.05439718, 0.04012060, 0.05235809, 0.01271762, 0.06456900, 0.03835061, 0.07404007, 0.02312385, 0.06246547, 0.09762462, 0.05660746, 0.02532750, 0.04095961, 0.04634831, 0.06393932, 0.05213721, 0.01080815, 0.03076687, 0.07036971},
{0.07680379, 0.05177832, 0.04144402, 0.05354057, 0.01400569, 0.06209348, 0.03675973, 0.07117157, 0.02328565, 0.06327282, 0.10103287, 0.05632639, 0.02276840, 0.04645273, 0.04661808, 0.06474595, 0.05336537, 0.01210407, 0.03240997, 0.07002053},
{0.08523439, 0.05573817, 0.03854200, 0.05392189, 0.01426056, 0.06578468, 0.04107280, 0.07198364, 0.02285529, 0.05384933, 0.09294394, 0.05481827, 0.02133967, 0.03766130, 0.05983050, 0.06855355, 0.05503875, 0.01120313, 0.02849325, 0.06687489},
{0.08039416, 0.05376599, 0.04160265, 0.05298029, 0.01465269, 0.06499595, 0.03959936, 0.06781542, 0.02220585, 0.05780354, 0.09762180, 0.05629260, 0.02100394, 0.03897831, 0.04866621, 0.07948365, 0.05528081, 0.01098074, 0.02883331, 0.06704273},
{0.08518067, 0.05440391, 0.04033764, 0.05280673, 0.01353961, 0.06403166, 0.03908260, 0.07216049, 0.02295603, 0.05924648, 0.09678513, 0.05634153, 0.02187344, 0.03883872, 0.04688197, 0.06701992, 0.05824620, 0.01106356, 0.03018877, 0.06901493},
{0.08023506, 0.05730299, 0.03775262, 0.05222898, 0.01583856, 0.06123083, 0.03821235, 0.07199781, 0.02504236, 0.05846275, 0.10068207, 0.05379361, 0.02181066, 0.04282032, 0.05279066, 0.06267264, 0.05037016, 0.01696822, 0.03234996, 0.06743741},
{0.07468358, 0.05445529, 0.04381366, 0.05651129, 0.01446185, 0.06550355, 0.03782839, 0.07200611, 0.02452354, 0.06142044, 0.09359922, 0.05927254, 0.02272683, 0.04228344, 0.04749394, 0.06408347, 0.05283480, 0.01220435, 0.03402226, 0.06627145},
{0.08440253, 0.05489012, 0.03968720, 0.05532344, 0.01306018, 0.06673719, 0.03709473, 0.07951619, 0.02277602, 0.05856481, 0.09542524, 0.05620005, 0.02140709, 0.03809878, 0.04805337, 0.06328230, 0.05360412, 0.01092788, 0.02957701, 0.07137174},
},{
{0.09539082, 0.05707116, 0.03647577, 0.05392469, 0.01250644, 0.06591270, 0.03850382, 0.07632831, 0.02221553, 0.05707733, 0.09819954, 0.05469219, 0.02131540, 0.03644608, 0.04841777, 0.06165270, 0.05294945, 0.01083142, 0.02702397, 0.07306489},
{0.08538622, 0.06529665, 0.03767151, 0.05477083, 0.01362021, 0.06949464, 0.03999735, 0.07154175, 0.02353044, 0.05561913, 0.09695019, 0.05588163, 0.02099331, 0.03698347, 0.04826622, 0.06331324, 0.05129518, 0.01104514, 0.02859037, 0.06975252},
{0.07378285, 0.05046382, 0.05358263, 0.05621996, 0.01417680, 0.06637771, 0.04023745, 0.06744903, 0.02334700, 0.06309604, 0.09585634, 0.06239629, 0.02115744, 0.03902302, 0.04366511, 0.06902653, 0.05473995, 0.01049939, 0.03049964, 0.06440301},
{0.08418901, 0.05685607, 0.04082213, 0.05951881, 0.01349064, 0.07197307, 0.03882584, 0.07100727, 0.02294157, 0.05813211, 0.09503563, 0.05858102, 0.02137855, 0.03758765, 0.04444643, 0.06394137, 0.05250294, 0.01040766, 0.03034505, 0.06801719},
{0.07521678, 0.05711811, 0.04148093, 0.05514383, 0.02757095, 0.06444794, 0.03940659, 0.07133442, 0.02559976, 0.05355518, 0.09275780, 0.05750218, 0.02089614, 0.03828514, 0.04848826, 0.06892604, 0.05283435, 0.01304099, 0.03133824, 0.06505638},
