double a_15[15][20][20]={{
{0.10436401, 0.05649081, 0.03444466, 0.05368312, 0.01278870, 0.06795977, 0.03976639, 0.07524926, 0.02091567, 0.05703288, 0.10257910, 0.05483351, 0.02343937, 0.03596470, 0.04173305, 0.06111332, 0.05096490, 0.01017818, 0.02573795, 0.07076066},
{0.07996657, 0.06893503, 0.03844731, 0.05515572, 0.01323117, 0.07136157, 0.04222714, 0.06620727, 0.02487760, 0.05876141, 0.09874275, 0.05676126, 0.02234389, 0.04109530, 0.04460625, 0.05974108, 0.04740426, 0.01149270, 0.03141472, 0.06722698},
{0.07370148, 0.04861366, 0.05543055, 0.05020799, 0.01418063, 0.06076606, 0.03848159, 0.07034481, 0.02204962, 0.06765322, 0.09417975, 0.05912022, 0.02169813, 0.04071575, 0.05572842, 0.06521088, 0.05073793, 0.01167634, 0.03285113, 0.06665185},
{0.08155607, 0.05068565, 0.03750616, 0.05749198, 0.01316468, 0.07343481, 0.03261600, 0.07091573, 0.02071393, 0.06672201, 0.09976280, 0.05416189, 0.02179541, 0.04348014, 0.04717774, 0.06007497, 0.04860247, 0.01288554, 0.03427096, 0.07298107},
{0.06827337, 0.05657767, 0.04102764, 0.05449960, 0.02286692, 0.05831515, 0.03899107, 0.08860836, 0.02815462, 0.05302629, 0.09150144, 0.05133226, 0.01804938, 0.04059434, 0.05443055, 0.07457663, 0.05129231, 0.01243778, 0.03228981, 0.06315480},
{0.08596463, 0.05919622, 0.04366073, 0.05509024, 0.01145034, 0.08516251, 0.04229033, 0.06168574, 0.02125566, 0.06415521, 0.09696582, 0.07013959, 0.02385846, 0.03466700, 0.03508317, 0.05289366, 0.05028825, 0.01024996, 0.02713219, 0.06881030},
{0.08872952, 0.06032908, 0.03902439, 0.04577185, 0.01265031, 0.06652082, 0.06066973, 0.06405532, 0.02439361, 0.05786780, 0.10128748, 0.05804392, 0.02338145, 0.03559413, 0.04738170, 0.05757904, 0.04976901, 0.01156800, 0.02805393, 0.06732894},
{0.07906396, 0.05641713, 0.03634333, 0.05318601, 0.01440502, 0.06284591, 0.03661341, 0.08075994, 0.02434454, 0.06235906, 0.09176225, 0.06196361, 0.02375170, 0.04181727, 0.03865080, 0.06544886, 0.05437282, 0.01222166, 0.03156453, 0.07210818},
{0.07331633, 0.05724326, 0.03832207, 0.04669035, 0.01693515, 0.05317224, 0.04199850, 0.07621415, 0.03308981, 0.06045993, 0.10292922, 0.04633539, 0.02017293, 0.04471205, 0.06092720, 0.06477713, 0.05186775, 0.01188295, 0.03488196, 0.06407166},
{0.08372364, 0.05226888, 0.04543734, 0.06293812, 0.01487096, 0.07029050, 0.03552421, 0.06945924, 0.02248795, 0.06068889, 0.08881057, 0.05887745, 0.01899962, 0.03697904, 0.04881070, 0.06768755, 0.05680059, 0.00936460, 0.02934910, 0.06663106},
{0.08765436, 0.05791713, 0.04098065, 0.05647263, 0.01366493, 0.06773525, 0.04052956, 0.06874146, 0.02330136, 0.05319913, 0.09683297, 0.05959055, 0.02058197, 0.03700695, 0.05114684, 0.06937506, 0.05427376, 0.01001098, 0.02645037, 0.06453407},
{0.08023478, 0.05618337, 0.04600138, 0.05573369, 0.01154957, 0.07854831, 0.03965374, 0.06264898, 0.02086189, 0.06199503, 0.09204764, 0.07517874, 0.02132992, 0.03242059, 0.04412732, 0.05978645, 0.05407059, 0.00956593, 0.03056105, 0.06750103},
{0.08902631, 0.05463374, 0.04205324, 0.05609266, 0.01226212, 0.06592885, 0.03958875, 0.07369433, 0.02242461, 0.05635715, 0.09650431, 0.05934815, 0.02771596, 0.03523746, 0.04835882, 0.06072846, 0.05335577, 0.00867761, 0.02583583, 0.07217585},
{0.07437586, 0.04929125, 0.04326875, 0.06234211, 0.01686045, 0.06272346, 0.03508081, 0.07537452, 0.02381558, 0.05987424, 0.09452819, 0.05255483, 0.02050150, 0.04327708, 0.04345575, 0.07515631, 0.05592273, 0.01192513, 0.03279730, 0.06687417},
{0.08110376, 0.04807267, 0.03719197, 0.05509175, 0.01231638, 0.07724873, 0.04057136, 0.07668801, 0.02324978, 0.05044829, 0.09060840, 0.04953346, 0.01971900, 0.03912829, 0.05817391, 0.07065691, 0.05418282, 0.01128991, 0.03001684, 0.07470774},
{0.07416763, 0.05320449, 0.04024194, 0.05235494, 0.01461614, 0.05940735, 0.03907146, 0.07705182, 0.02318194, 0.05641788, 0.09724544, 0.05376247, 0.02077816, 0.04088963, 0.05031858, 0.08582440, 0.05516696, 0.01154534, 0.02926008, 0.06549336},
{0.08110987, 0.04951919, 0.03785362, 0.05209258, 0.01442334, 0.05944410, 0.03533558, 0.07808377, 0.02265762, 0.05970215, 0.10152290, 0.04969471, 0.02041485, 0.03940396, 0.05738933, 0.06743482, 0.06008622, 0.01122555, 0.02810957, 0.07449628},
{0.07133451, 0.06061531, 0.04545781, 0.05621467, 0.01552426, 0.05823967, 0.04856990, 0.06368387, 0.02491382, 0.05822989, 0.11052658, 0.05683327, 0.02493045, 0.04230122, 0.03860134, 0.06280560, 0.04985845, 0.01577854, 0.03101135, 0.06456948},
{0.07090938, 0.05822151, 0.04378700, 0.05818858, 0.01647035, 0.06166419, 0.04247931, 0.07551952, 0.02519312, 0.05719412, 0.09685558, 0.05284465, 0.01962400, 0.04471307, 0.04518420, 0.06611062, 0.05256270, 0.01230697, 0.03503241, 0.06513871},
{0.08550449, 0.05353247, 0.03956809, 0.05879820, 0.01433357, 0.06962055, 0.03450487, 0.06657734, 0.02083801, 0.06086632, 0.09533294, 0.05666882, 0.02212181, 0.03751054, 0.04785223, 0.06533280, 0.05770089, 0.01023946, 0.02733210, 0.07576451},
},{
{0.10467914, 0.06008586, 0.03509080, 0.04929497, 0.01308679, 0.06716804, 0.03991688, 0.07514220, 0.02179066, 0.05769038, 0.10053395, 0.05627025, 0.02264114, 0.03550019, 0.04182861, 0.06034751, 0.05043601, 0.00996809, 0.02700572, 0.07152283},
{0.08538732, 0.06886354, 0.03492295, 0.04709663, 0.01343627, 0.06242014, 0.03947736, 0.07441694, 0.02477372, 0.06054768, 0.10866809, 0.05452123, 0.02315524, 0.03994185, 0.04364905, 0.05821986, 0.04765476, 0.01260083, 0.03063273, 0.06961381},
{0.06871962, 0.04808014, 0.05543830, 0.05542111, 0.01329137, 0.06317267, 0.03813628, 0.06048818, 0.02195957, 0.06845594, 0.10111800, 0.06071034, 0.02104464, 0.04185800, 0.04778777, 0.06728051, 0.05675773, 0.01107261, 0.03238926, 0.06681796},
{0.07976606, 0.04899487, 0.03869839, 0.06105388, 0.01301085, 0.06943859, 0.03546143, 0.05886639, 0.02046973, 0.06924481, 0.10594676, 0.05425681, 0.02194514, 0.04112915, 0.04475278, 0.06321331, 0.05069261, 0.01115139, 0.03149223, 0.08041481},
{0.07586578, 0.05451575, 0.04446826, 0.05336734, 0.02495039, 0.06402064, 0.03899423, 0.07268663, 0.02548097, 0.05577508, 0.08686194, 0.05797066, 0.02046343, 0.03942667, 0.05040537, 0.07081838, 0.05206767, 0.01131729, 0.03025726, 0.07028626},
{0.08342920, 0.05244278, 0.03469216, 0.05103420, 0.01354312, 0.07662062, 0.03742058, 0.06740088, 0.01933137, 0.06859213, 0.11215825, 0.05912253, 0.02484632, 0.04141620, 0.03922230, 0.05499785, 0.04776092, 0.01090635, 0.03054758, 0.07451466},
{0.08186281, 0.05618148, 0.03701590, 0.04592708, 0.01307632, 0.06431604, 0.05530427, 0.06515114, 0.02314836, 0.06339166, 0.11425901, 0.05442228, 0.02359065, 0.03914610, 0.04487881, 0.05954165, 0.04731419, 0.01153588, 0.02951240, 0.07042397},
{0.07955581, 0.05377641, 0.03700729, 0.05482028, 0.01421612, 0.05733776, 0.03311265, 0.08453045, 0.02117169, 0.06165335, 0.08931535, 0.05364083, 0.02238885, 0.03788245, 0.05435299, 0.06756835, 0.06030315, 0.01101802, 0.02970693, 0.07664127},
{0.07592087, 0.05493172, 0.04006892, 0.05976099, 0.01465221, 0.06159111, 0.03924860, 0.07329341, 0.03239339, 0.05914235, 0.10235254, 0.05017890, 0.02106490, 0.04131698, 0.04940876, 0.06295104, 0.04945144, 0.01212888, 0.03066200, 0.06948098},
{0.08329785, 0.05645980, 0.04814753, 0.06117758, 0.01305267, 0.07470938, 0.04107733, 0.07355976, 0.02382556, 0.05339483, 0.08083026, 0.06286658, 0.01938082, 0.03658465, 0.04592946, 0.06795700, 0.05627497, 0.00953851, 0.02842609, 0.06350937},
{0.08644123, 0.05915070, 0.04421673, 0.06142137, 0.01321805, 0.07739029, 0.04429433, 0.07138207, 0.02408243, 0.04995177, 0.08818396, 0.06306370, 0.01965788, 0.03491651, 0.04746991, 0.06662881, 0.05073094, 0.01052438, 0.02664434, 0.06063059},
{0.07634738, 0.05286294, 0.04107930, 0.04813267, 0.01300005, 0.06542555, 0.03697370, 0.06835625, 0.02131909, 0.06966082, 0.10536578, 0.07184763, 0.02296929, 0.04195622, 0.03979040, 0.05951843, 0.05076653, 0.01118192, 0.03315282, 0.07029323},
{0.08398942, 0.05823582, 0.04085489, 0.05784521, 0.01352205, 0.07499722, 0.04272636, 0.07156751, 0.02395209, 0.05408769, 0.08915907, 0.06050433, 0.02560996, 0.03964623, 0.04419931, 0.06262302, 0.05107925, 0.01105329, 0.02980828, 0.06453899},
{0.07569665, 0.05489053, 0.04752492, 0.06186874, 0.01465898, 0.06915255, 0.04132814, 0.07412627, 0.02518517, 0.05394367, 0.08490564, 0.06090442, 0.01989116, 0.03985080, 0.04953981, 0.06845458, 0.05397362, 0.01128600, 0.02977954, 0.06303883},
{0.07962213, 0.05019525, 0.03607161, 0.05221934, 0.01415224, 0.06114337, 0.03802069, 0.07407357, 0.02475969, 0.05634762, 0.09322729, 0.04827466, 0.02197475, 0.03961356, 0.06741613, 0.07090792, 0.05891060, 0.01222291, 0.03039483, 0.07045185},
{0.07706517, 0.05108034, 0.04093982, 0.05325689, 0.01446844, 0.06439495, 0.03731878, 0.06940449, 0.02176711, 0.05916730, 0.09924274, 0.05340784, 0.02101144, 0.03982437, 0.05054836, 0.08500520, 0.05540187, 0.01139413, 0.03011842, 0.06518235},
{0.08316092, 0.05321062, 0.04073772, 0.05475874, 0.01350109, 0.07131431, 0.03765930, 0.06801702, 0.02284143, 0.05720897, 0.09385396, 0.05707644, 0.02104124, 0.03788862, 0.04948618, 0.07023833, 0.06375615, 0.01052560, 0.02824118, 0.06548217},
{0.07617448, 0.06028486, 0.04365022, 0.05910984, 0.01587298, 0.06841752, 0.04406553, 0.07185744, 0.02466017, 0.04995333, 0.08784539, 0.06176317, 0.02134547, 0.03916050, 0.05147420, 0.06505732, 0.05227059, 0.01647468, 0.02933283, 0.06122947},
{0.07296227, 0.05617448, 0.04703038, 0.06083316, 0.01665129, 0.06548366, 0.04134375, 0.07108784, 0.02666044, 0.05694890, 0.08959681, 0.05993208, 0.02038886, 0.04014728, 0.04882873, 0.06504322, 0.05348396, 0.01150921, 0.03316480, 0.06272889},
{0.08983219, 0.05568837, 0.04071665, 0.06079363, 0.01396142, 0.07201205, 0.03738603, 0.07632609, 0.02248019, 0.05444151, 0.08664382, 0.05582067, 0.02083411, 0.03709254, 0.04590247, 0.06521720, 0.05420636, 0.00977720, 0.02716168, 0.07370583},
},{
{0.10371366, 0.05799508, 0.03621760, 0.05247737, 0.01264729, 0.06731374, 0.03953756, 0.07337172, 0.02226268, 0.05778471, 0.10009788, 0.05324142, 0.02227778, 0.03610040, 0.04556911, 0.06045426, 0.05140337, 0.01014218, 0.02683480, 0.07055737},
{0.08574812, 0.06835788, 0.03641039, 0.05629281, 0.01232128, 0.07097890, 0.04143277, 0.07290168, 0.02250159, 0.05520322, 0.09831161, 0.05658013, 0.02168191, 0.03796787, 0.04427626, 0.06333890, 0.04949826, 0.01102536, 0.02814315, 0.06702793},
{0.06829501, 0.05164925, 0.05558330, 0.05449243, 0.01315068, 0.06308624, 0.03803262, 0.06366038, 0.02175124, 0.06706394, 0.09758159, 0.06388390, 0.02030789, 0.04168853, 0.04355537, 0.06749934, 0.05506961, 0.01102183, 0.03266726, 0.06995962},
{0.07918891, 0.06074078, 0.04060814, 0.05838838, 0.01213075, 0.06870875, 0.03601793, 0.06664661, 0.02179580, 0.06329680, 0.09292759, 0.06510816, 0.02017999, 0.03875304, 0.04230491, 0.06236097, 0.05631610, 0.01081357, 0.03030852, 0.07340429},
{0.07405605, 0.04729787, 0.04135165, 0.05159337, 0.05300672, 0.05470281, 0.03361159, 0.07518587, 0.02600652, 0.05637447, 0.09587139, 0.04821553, 0.02154268, 0.03954967, 0.05095224, 0.06677095, 0.05379484, 0.01212903, 0.03199230, 0.06599446},
{0.08317105, 0.06764105, 0.03883066, 0.05791134, 0.01148071, 0.08487733, 0.04282337, 0.06337098, 0.02010778, 0.05609238, 0.09034858, 0.07659036, 0.01942608, 0.03518358, 0.04285617, 0.05977447, 0.04858273, 0.00979103, 0.02714054, 0.06399982},
{0.08269079, 0.05813421, 0.04035290, 0.05389937, 0.01266867, 0.07236193, 0.05685186, 0.06433006, 0.02306637, 0.05702932, 0.09766410, 0.05846951, 0.02093048, 0.03675310, 0.04623375, 0.06483684, 0.05016149, 0.01091920, 0.02792467, 0.06472139},
{0.08339482, 0.05154734, 0.03414536, 0.04820711, 0.01407286, 0.05565920, 0.03215984, 0.08443198, 0.02330508, 0.06489750, 0.09522309, 0.04871158, 0.02194444, 0.04167770, 0.05133151, 0.06428238, 0.05748685, 0.01099095, 0.03071993, 0.08581048},
{0.07483149, 0.05799760, 0.04248400, 0.05475806, 0.01573357, 0.06537203, 0.04106122, 0.07045927, 0.03240120, 0.05572847, 0.09350302, 0.05292888, 0.02133463, 0.04030515, 0.04992831, 0.06642170, 0.05507770, 0.01182709, 0.03122583, 0.06662080},
{0.08294879, 0.04774624, 0.04577435, 0.05673354, 0.01373848, 0.06530985, 0.03597477, 0.07759252, 0.02313730, 0.06535136, 0.09980185, 0.05568139, 0.02282726, 0.03979084, 0.04321909, 0.06394900, 0.05338154, 0.01082822, 0.02989295, 0.06632066},
{0.08724398, 0.05410306, 0.03977285, 0.05340898, 0.01406030, 0.06772302, 0.04030072, 0.07063143, 0.02438358, 0.05845876, 0.10849265, 0.05568405, 0.02331628, 0.03905660, 0.04431460, 0.06389725, 0.04988524, 0.01142819, 0.02984030, 0.06399816},
{0.07380943, 0.05345877, 0.04379219, 0.05783324, 0.01147769, 0.08179164, 0.04137865, 0.06614804, 0.02036990, 0.06230764, 0.09310869, 0.07690376, 0.01925424, 0.03814310, 0.04249328, 0.06317121, 0.04921619, 0.00952013, 0.02899106, 0.06683117},
{0.08783312, 0.05248768, 0.04082042, 0.05464721, 0.01440363, 0.06474167, 0.03772577, 0.07306899, 0.02369179, 0.05801532, 0.10046541, 0.05331450, 0.02800838, 0.04029921, 0.04284891, 0.06392943, 0.05218677, 0.01161434, 0.03112627, 0.06877119},
{0.07683955, 0.05092175, 0.04394804, 0.05786814, 0.01402519, 0.06524836, 0.03721032, 0.06991978, 0.02444380, 0.05834912, 0.09909434, 0.05499211, 0.02397114, 0.04486938, 0.04864954, 0.06706122, 0.05258514, 0.01311384, 0.03223208, 0.06465716},
{0.08104061, 0.05553628, 0.03384873, 0.04944519, 0.01459877, 0.06285927, 0.03993619, 0.06624110, 0.02236251, 0.05906983, 0.09300752, 0.05198593, 0.02130366, 0.03791505, 0.06808033, 0.06882803, 0.05769778, 0.01175323, 0.02909871, 0.07539129},
{0.07591807, 0.05216348, 0.04313323, 0.05704060, 0.01380396, 0.06906729, 0.04083502, 0.06847681, 0.02262626, 0.05552942, 0.09180450, 0.05505800, 0.02027967, 0.03841413, 0.05144418, 0.08321074, 0.05635869, 0.01082744, 0.02910164, 0.06490686},
{0.08140782, 0.05206449, 0.04246335, 0.05686310, 0.01354354, 0.06870549, 0.04150071, 0.07308279, 0.02320655, 0.05719528, 0.08913257, 0.05403624, 0.02102555, 0.03778093, 0.05032562, 0.06933615, 0.06060520, 0.01091306, 0.02894938, 0.06786217},
{0.07741383, 0.05708093, 0.04332661, 0.05844462, 0.01375922, 0.06530905, 0.03926052, 0.07586268, 0.02444452, 0.04916069, 0.09319949, 0.05309952, 0.02237207, 0.04251701, 0.05350530, 0.06576280, 0.05009119, 0.01673671, 0.03221106, 0.06644219},
{0.07200106, 0.05263930, 0.04536012, 0.06003180, 0.01407464, 0.06761778, 0.03971955, 0.06840738, 0.02370424, 0.05936116, 0.09330969, 0.05845204, 0.02294560, 0.04114263, 0.04925660, 0.06662940, 0.05274752, 0.01164661, 0.03551664, 0.06543625},
{0.08903504, 0.05010507, 0.04027085, 0.05717661, 0.01389825, 0.06466755, 0.03519200, 0.08068257, 0.02305682, 0.05869438, 0.09626018, 0.05207826, 0.02317765, 0.03706945, 0.04679759, 0.06450922, 0.05474729, 0.01081169, 0.02860842, 0.07316111},
},{
{0.11494467, 0.05683958, 0.03394375, 0.05152823, 0.01248769, 0.06473472, 0.03757842, 0.08114611, 0.02180382, 0.05386541, 0.09681152, 0.05224987, 0.02096594, 0.03517376, 0.04544629, 0.06146867, 0.05065648, 0.01048391, 0.02713674, 0.07073441},
{0.08273004, 0.06780485, 0.03627069, 0.05586482, 0.01289411, 0.07884498, 0.04157966, 0.06874366, 0.02249866, 0.05715024, 0.09653359, 0.05521029, 0.02134044, 0.03604914, 0.04792849, 0.06265363, 0.04958835, 0.01106299, 0.02800866, 0.06724272},
{0.07321254, 0.05091033, 0.05538559, 0.05258829, 0.01334521, 0.06465590, 0.03973382, 0.06190822, 0.02255029, 0.06688149, 0.09245997, 0.06243719, 0.02183185, 0.04107518, 0.04261858, 0.06965644, 0.05556857, 0.01144576, 0.03246615, 0.06926864},
{0.08498993, 0.06006056, 0.04107012, 0.05801406, 0.01287529, 0.07135499, 0.03919702, 0.06131917, 0.02204909, 0.06224656, 0.09393178, 0.06028043, 0.02118258, 0.03994994, 0.04305768, 0.06202397, 0.05151402, 0.01118650, 0.03091506, 0.07278125},
{0.07168463, 0.04893878, 0.04325328, 0.05316574, 0.02838750, 0.05782961, 0.03619734, 0.09192860, 0.02710630, 0.05432085, 0.09493606, 0.04981568, 0.02160239, 0.04745619, 0.04757648, 0.06749336, 0.05149149, 0.01243995, 0.03166579, 0.06270999},
{0.08320101, 0.06562994, 0.03999974, 0.05560978, 0.01114224, 0.08407826, 0.04526561, 0.05834847, 0.02173851, 0.05627479, 0.09274458, 0.07542720, 0.01941566, 0.03507909, 0.04206361, 0.06103930, 0.04985672, 0.01007317, 0.02822658, 0.06478576},
{0.07978957, 0.05563257, 0.04205291, 0.06102650, 0.01186567, 0.07807953, 0.05670369, 0.06169581, 0.02365498, 0.05490599, 0.09537335, 0.05807545, 0.02074456, 0.03606275, 0.04572495, 0.06426196, 0.05137671, 0.01204482, 0.02754693, 0.06338131},
{0.08978969, 0.05572270, 0.03600642, 0.05243662, 0.01388934, 0.05982817, 0.03432886, 0.08419970, 0.02209299, 0.05860184, 0.09270680, 0.04831036, 0.02088302, 0.03978044, 0.04958391, 0.06719037, 0.05677836, 0.01113878, 0.03002126, 0.07671035},
{0.07537325, 0.05415463, 0.03871693, 0.05369155, 0.01441889, 0.06473403, 0.04140811, 0.06691803, 0.03478549, 0.05891932, 0.09891522, 0.05462216, 0.02273382, 0.03912253, 0.04939087, 0.06434133, 0.05401646, 0.01105866, 0.03038628, 0.07229242},
{0.07455305, 0.04986060, 0.04523055, 0.05669837, 0.01468630, 0.06380137, 0.03553020, 0.07360287, 0.02329842, 0.06765788, 0.10181854, 0.05977347, 0.02389659, 0.03993986, 0.04299164, 0.06329921, 0.05507345, 0.00994551, 0.02935388, 0.06898828},
{0.08011193, 0.05240310, 0.03972862, 0.05507953, 0.01459206, 0.06467201, 0.03934786, 0.07821096, 0.02305674, 0.05999976, 0.10668402, 0.05361480, 0.02280592, 0.04028008, 0.04798052, 0.06267875, 0.05044194, 0.01079256, 0.02983924, 0.06767961},
{0.07341354, 0.05128424, 0.04258759, 0.05937128, 0.01305260, 0.08662338, 0.04006543, 0.05955686, 0.02030487, 0.06439951, 0.09149372, 0.07526136, 0.01974736, 0.03790565, 0.04249433, 0.06388531, 0.05183576, 0.01016637, 0.02932845, 0.06722240},
{0.08201604, 0.05213677, 0.04078042, 0.05535040, 0.01398002, 0.06579833, 0.03869949, 0.08160139, 0.02410824, 0.05861174, 0.09855124, 0.05432526, 0.02816724, 0.04099751, 0.04509954, 0.06208623, 0.04982688, 0.01134869, 0.03029219, 0.06622238},
{0.07212606, 0.05021166, 0.04327686, 0.05603895, 0.01686366, 0.06074169, 0.03653103, 0.07322234, 0.02440393, 0.05838512, 0.10048709, 0.05629961, 0.02361060, 0.04785412, 0.04700408, 0.06602910, 0.05375975, 0.01204058, 0.03326813, 0.06784564},
{0.08609223, 0.05661701, 0.03616707, 0.05090411, 0.01272833, 0.06638762, 0.04033269, 0.07194462, 0.02288925, 0.05467387, 0.08791125, 0.05406741, 0.01964493, 0.03708349, 0.06750260, 0.06923391, 0.05553640, 0.01174904, 0.02904884, 0.06948534},
{0.08052944, 0.05390495, 0.04254723, 0.05243892, 0.01353927, 0.06212041, 0.03918776, 0.06736354, 0.02255648, 0.05740871, 0.09379273, 0.05725015, 0.02077939, 0.03916587, 0.05014170, 0.08489243, 0.05645626, 0.01103912, 0.02948431, 0.06540132},
{0.08234339, 0.05198801, 0.04187592, 0.05217574, 0.01375864, 0.06362126, 0.03754591, 0.06636696, 0.02274846, 0.06304138, 0.09844310, 0.05485437, 0.02363323, 0.03816562, 0.04945267, 0.06792271, 0.05966652, 0.01154376, 0.02902648, 0.07182587},
{0.07305011, 0.06099721, 0.04515036, 0.05489142, 0.01771983, 0.06263803, 0.04303591, 0.07861223, 0.02768130, 0.05091869, 0.08967721, 0.05351509, 0.02180326, 0.04187412, 0.04840897, 0.06541321, 0.05420571, 0.01625339, 0.03249257, 0.06166138},
{0.06723501, 0.05433941, 0.04564652, 0.05821678, 0.01623657, 0.06411678, 0.04014769, 0.06903983, 0.02403707, 0.06058006, 0.09528926, 0.06319597, 0.02295878, 0.04007078, 0.04673794, 0.06433095, 0.05296948, 0.01231837, 0.03492792, 0.06760483},
{0.08189557, 0.05214773, 0.04061778, 0.05948047, 0.01475768, 0.06503734, 0.03515483, 0.07982468, 0.02230822, 0.05951571, 0.09984148, 0.05348496, 0.02233158, 0.03696989, 0.04716633, 0.06254000, 0.05573795, 0.00984622, 0.02788815, 0.07345342},
},{
{0.09870706, 0.05649434, 0.03611046, 0.05346933, 0.01239341, 0.06630275, 0.03916991, 0.07584800, 0.02225065, 0.05719037, 0.10125147, 0.05422164, 0.02230905, 0.03616394, 0.04566160, 0.06132673, 0.05139316, 0.01078870, 0.02702586, 0.07192156},
{0.08444278, 0.06651299, 0.03817003, 0.05434745, 0.01374012, 0.07035796, 0.04015165, 0.07168014, 0.02441697, 0.05480691, 0.09876190, 0.05635416, 0.02145194, 0.03655577, 0.04585073, 0.06302391, 0.05162751, 0.01096241, 0.02905220, 0.06773246},
{0.07381831, 0.04995997, 0.05318687, 0.05425690, 0.01418994, 0.06460829, 0.04043467, 0.06028767, 0.02300935, 0.06715312, 0.09743521, 0.05997119, 0.02145818, 0.04187783, 0.04377619, 0.06799085, 0.05478980, 0.01122923, 0.03173942, 0.06882700},
{0.08282718, 0.05594502, 0.03744906, 0.05605646, 0.01391147, 0.07007177, 0.03746484, 0.06503627, 0.02222685, 0.06369094, 0.10091372, 0.05541326, 0.02335018, 0.04020654, 0.04320929, 0.06144282, 0.05321950, 0.01170270, 0.03163438, 0.07422775},
{0.07382793, 0.05468900, 0.04169114, 0.05434957, 0.02969216, 0.06353888, 0.03716766, 0.07646382, 0.02562798, 0.05431854, 0.08974097, 0.05815889, 0.02078253, 0.03682824, 0.05051465, 0.06929981, 0.05434530, 0.01185700, 0.03062897, 0.06647695},
{0.08438026, 0.05521552, 0.03688025, 0.05460145, 0.01372558, 0.07771494, 0.03884338, 0.06125680, 0.02135246, 0.06390218, 0.10650692, 0.06047492, 0.02217180, 0.04047286, 0.04150253, 0.05918779, 0.04921234, 0.01063561, 0.03119709, 0.07076532},
{0.08369086, 0.05551365, 0.03922025, 0.05041716, 0.01309083, 0.06839115, 0.05176207, 0.06295474, 0.02342786, 0.05890049, 0.10348622, 0.05696632, 0.02227691, 0.03870780, 0.04606064, 0.06424155, 0.05173779, 0.01153218, 0.03006582, 0.06755569},
{0.08460540, 0.05384765, 0.03668811, 0.05433145, 0.01441500, 0.06103516, 0.03540981, 0.08042762, 0.02261465, 0.06192161, 0.09638460, 0.04831559, 0.02356462, 0.03986178, 0.04736345, 0.06386265, 0.05552793, 0.01161511, 0.02943536, 0.07877246},
{0.08080618, 0.05521135, 0.03937168, 0.05552625, 0.01444068, 0.06477644, 0.04109355, 0.06843724, 0.03025266, 0.05748676, 0.09444693, 0.05375581, 0.02094474, 0.03841759, 0.05019450, 0.06643636, 0.05720307, 0.01214039, 0.03034089, 0.06871694},
{0.07800733, 0.05252627, 0.04719462, 0.05866983, 0.01300803, 0.06983291, 0.03763762, 0.07894850, 0.02237657, 0.06039308, 0.08846277, 0.06430395, 0.02091133, 0.03877393, 0.04705405, 0.06645262, 0.05309009, 0.00971347, 0.02844108, 0.06420195},
{0.08341502, 0.05684599, 0.04161051, 0.05628823, 0.01320089, 0.06960077, 0.04168099, 0.07405980, 0.02263946, 0.05775891, 0.09451306, 0.05962691, 0.02055981, 0.03801168, 0.04841339, 0.06551089, 0.05177654, 0.01057923, 0.02821734, 0.06569057},
{0.07577468, 0.05400199, 0.04371211, 0.05375800, 0.01305873, 0.07264347, 0.03831565, 0.06243751, 0.02141014, 0.06496368, 0.09703151, 0.07339546, 0.02136678, 0.03916317, 0.04185456, 0.06394823, 0.05168767, 0.01037417, 0.03165488, 0.06944762},
{0.08481013, 0.05564576, 0.04081725, 0.05389538, 0.01322436, 0.06970622, 0.03986164, 0.07722984, 0.02324440, 0.05743078, 0.09350562, 0.05732983, 0.02556042, 0.03945832, 0.04635617, 0.06463274, 0.05168526, 0.01071707, 0.02809222, 0.06679659},
{0.07577976, 0.05261315, 0.04535850, 0.05814306, 0.01418211, 0.06628218, 0.03773801, 0.07385735, 0.02432420, 0.05839468, 0.09279802, 0.05914191, 0.02130118, 0.04339810, 0.04931189, 0.06678542, 0.05342498, 0.01146159, 0.03096303, 0.06474087},
{0.08563982, 0.05485658, 0.03553385, 0.05150781, 0.01396125, 0.06480830, 0.03959307, 0.06918565, 0.02318846, 0.05648968, 0.09451180, 0.05143375, 0.02098078, 0.03722593, 0.06306189, 0.06943460, 0.05512867, 0.01198904, 0.03013994, 0.07132913},
{0.07861128, 0.05301009, 0.04141615, 0.05280694, 0.01464811, 0.06464125, 0.04019765, 0.06578900, 0.02274714, 0.05883092, 0.09874401, 0.05596080, 0.02156627, 0.03890831, 0.04950592, 0.07845191, 0.05635563, 0.01129208, 0.02913520, 0.06738134},
{0.08355416, 0.05430311, 0.04037159, 0.05469154, 0.01358020, 0.06648235, 0.03833927, 0.06978743, 0.02279492, 0.05907965, 0.09692622, 0.05608979, 0.02186956, 0.03830237, 0.04708854, 0.06837963, 0.05915627, 0.01085228, 0.02930876, 0.06904236},
{0.07792719, 0.05496391, 0.04098608, 0.05596621, 0.01542495, 0.06434273, 0.04264874, 0.07692831, 0.02396851, 0.05388764, 0.09547186, 0.05608330, 0.02120214, 0.04200944, 0.05307884, 0.06524509, 0.05248755, 0.01421249, 0.03034091, 0.06282409},
{0.07398355, 0.05455268, 0.04611698, 0.06077843, 0.01527374, 0.06925059, 0.03963960, 0.07377076, 0.02425663, 0.05827639, 0.08930725, 0.06186681, 0.02016205, 0.04063407, 0.04700132, 0.06585473, 0.05195618, 0.01105936, 0.03350319, 0.06275571},
{0.08618278, 0.05608390, 0.04144511, 0.05975623, 0.01296663, 0.06958914, 0.03782377, 0.08352955, 0.02244089, 0.05363398, 0.08824255, 0.05842139, 0.02099112, 0.03607059, 0.04891369, 0.06510452, 0.05344875, 0.01011979, 0.02694413, 0.06829147},
},{
{0.09845546, 0.05729747, 0.03686762, 0.05428707, 0.01210919, 0.06794506, 0.03954936, 0.07473797, 0.02213690, 0.05531136, 0.09770136, 0.05515519, 0.02180125, 0.03616822, 0.04834624, 0.06240572, 0.05278262, 0.01007129, 0.02632983, 0.07054082},
{0.08518187, 0.06479904, 0.03691394, 0.05418595, 0.01374949, 0.06865816, 0.03852553, 0.07337133, 0.02320822, 0.05706397, 0.09786719, 0.05507444, 0.02168613, 0.03765222, 0.04867098, 0.06307733, 0.05071159, 0.01117003, 0.02855626, 0.06987634},
{0.07541918, 0.04860090, 0.05381996, 0.05437889, 0.01412048, 0.06481568, 0.03880580, 0.06438758, 0.02193212, 0.06651154, 0.09664963, 0.06083789, 0.02138736, 0.04167791, 0.04290700, 0.06759245, 0.05364120, 0.01086410, 0.03205230, 0.06959803},
{0.08108219, 0.05634377, 0.03886546, 0.05982823, 0.01389117, 0.06955472, 0.03829066, 0.06775833, 0.02188021, 0.06336646, 0.09978210, 0.05622725, 0.02141121, 0.04033734, 0.04384673, 0.06170305, 0.05167805, 0.01128362, 0.03111004, 0.07175942},
{0.07802113, 0.05435609, 0.04186507, 0.05441389, 0.03020847, 0.06418054, 0.03799169, 0.07529289, 0.02457859, 0.05085278, 0.08769895, 0.05524054, 0.02091935, 0.03895645, 0.05321715, 0.07025614, 0.05421411, 0.01236766, 0.03206079, 0.06330772},
{0.08146953, 0.05631666, 0.03814165, 0.05504075, 0.01331186, 0.07695997, 0.03898038, 0.06634044, 0.02140960, 0.06329104, 0.10394101, 0.06152730, 0.02198008, 0.03870468, 0.04299894, 0.05973043, 0.04907024, 0.01057080, 0.02894012, 0.07127451},
{0.08215242, 0.05620843, 0.03936998, 0.05096403, 0.01387330, 0.06707292, 0.05192154, 0.06692682, 0.02363255, 0.05876856, 0.10378933, 0.05655288, 0.02180374, 0.03807102, 0.04724176, 0.06314767, 0.05106621, 0.01157441, 0.02924091, 0.06662152},
{0.08751115, 0.05349834, 0.03604148, 0.05369542, 0.01532707, 0.06188010, 0.03593068, 0.08346798, 0.02252928, 0.06095167, 0.09466538, 0.05185881, 0.02297741, 0.03808888, 0.04627394, 0.06402998, 0.05455652, 0.01171884, 0.02893125, 0.07606584},
{0.07905129, 0.05593223, 0.04121433, 0.05294522, 0.01619626, 0.06481766, 0.03987798, 0.07107969, 0.02834333, 0.05865844, 0.09730101, 0.05272316, 0.02227590, 0.03997164, 0.04844042, 0.06503737, 0.05294311, 0.01203980, 0.03211717, 0.06903397},
{0.07888502, 0.05322449, 0.04602038, 0.05790891, 0.01228766, 0.07116174, 0.03828933, 0.07328068, 0.02333557, 0.06107873, 0.09180294, 0.06398193, 0.02089744, 0.03868250, 0.04429624, 0.06507626, 0.05344623, 0.00998691, 0.02967359, 0.06668344},
{0.08349982, 0.05638602, 0.04152986, 0.05751684, 0.01271176, 0.07104812, 0.04178654, 0.06899795, 0.02377180, 0.05754552, 0.09653276, 0.05905310, 0.02089674, 0.03721500, 0.04664316, 0.06599289, 0.05278146, 0.01084296, 0.02839603, 0.06685167},
{0.07614563, 0.05282018, 0.04202333, 0.05342599, 0.01372147, 0.07133591, 0.03763135, 0.06680987, 0.02147230, 0.06598046, 0.09757922, 0.07109638, 0.02141671, 0.04094183, 0.04198911, 0.06235920, 0.05023373, 0.01047586, 0.03201050, 0.07053097},
{0.08313008, 0.05691676, 0.04284834, 0.05488849, 0.01279663, 0.07004075, 0.03902183, 0.07420626, 0.02299075, 0.05759624, 0.09334079, 0.05966810, 0.02507945, 0.03772033, 0.04594635, 0.06400520, 0.05248729, 0.01023968, 0.03059772, 0.06647895},
{0.07703063, 0.05437511, 0.04451951, 0.05701798, 0.01320530, 0.06711113, 0.03942034, 0.07059983, 0.02374972, 0.05899932, 0.09360835, 0.05893308, 0.02180995, 0.04254440, 0.04767060, 0.06772968, 0.05346385, 0.01189599, 0.03077854, 0.06553670},
{0.08306983, 0.05385272, 0.03544484, 0.05244790, 0.01535116, 0.06127243, 0.03833646, 0.06764111, 0.02322875, 0.05753094, 0.09858745, 0.04954222, 0.02242344, 0.04029814, 0.06282420, 0.06831171, 0.05695026, 0.01252769, 0.02970243, 0.07065632},
{0.07956923, 0.05418108, 0.04172652, 0.05208023, 0.01417081, 0.06420240, 0.04019581, 0.06756524, 0.02225272, 0.05835189, 0.09762394, 0.05664212, 0.02159874, 0.03932679, 0.04911839, 0.08037261, 0.05577940, 0.01076782, 0.02884203, 0.06563222},
{0.08531368, 0.05332778, 0.04091374, 0.05374172, 0.01380129, 0.06675774, 0.03937445, 0.07005731, 0.02289585, 0.05829649, 0.09475998, 0.05646355, 0.02254371, 0.03842124, 0.04799729, 0.06789535, 0.05927894, 0.01060291, 0.02952596, 0.06803102},
{0.07887401, 0.05465368, 0.03962691, 0.05626108, 0.01483173, 0.06611868, 0.03931376, 0.07419686, 0.02564152, 0.05271303, 0.09612518, 0.05241998, 0.02202927, 0.04228402, 0.05266991, 0.06408982, 0.05516187, 0.01616617, 0.03219266, 0.06462987},
{0.07439236, 0.05479335, 0.04451106, 0.05795364, 0.01432736, 0.06965986, 0.04071040, 0.06992050, 0.02400430, 0.05941660, 0.09149480, 0.06129541, 0.02108732, 0.03950224, 0.04836571, 0.06516465, 0.05304477, 0.01186034, 0.03352857, 0.06496676},
{0.08461309, 0.05560002, 0.04134805, 0.05804710, 0.01295106, 0.06926741, 0.03775169, 0.08023660, 0.02335205, 0.05523614, 0.09052523, 0.05719760, 0.02089899, 0.03678687, 0.04755919, 0.06526426, 0.05490494, 0.01011317, 0.02856105, 0.06978548},
},{
{0.09899345, 0.05637272, 0.03629230, 0.05471171, 0.01219887, 0.06621014, 0.03964717, 0.07639590, 0.02220155, 0.05605650, 0.09775331, 0.05318837, 0.02163821, 0.03643218, 0.04805495, 0.06220949, 0.05296553, 0.01062107, 0.02622745, 0.07182912},
{0.08415126, 0.06750739, 0.03728854, 0.05617535, 0.01345783, 0.06969010, 0.04136154, 0.07388648, 0.02302170, 0.05547512, 0.09533588, 0.05672289, 0.02086127, 0.03617154, 0.04813794, 0.06215071, 0.04952253, 0.01141330, 0.02833663, 0.06933200},
{0.07395134, 0.04950177, 0.05435209, 0.05613610, 0.01430852, 0.06738507, 0.03939580, 0.06531769, 0.02241225, 0.06414013, 0.09477251, 0.06149688, 0.02167444, 0.03999802, 0.04276269, 0.06895510, 0.05381105, 0.01086218, 0.03150644, 0.06725993},
{0.08375136, 0.05716061, 0.04144824, 0.06286078, 0.01322557, 0.07352189, 0.03858427, 0.06648015, 0.02264956, 0.05994985, 0.09236753, 0.05953312, 0.02093083, 0.03815410, 0.04393251, 0.06471397, 0.05289184, 0.01069219, 0.02923219, 0.06791944},
{0.07265977, 0.05469069, 0.04029401, 0.05058151, 0.03173397, 0.05766854, 0.03664520, 0.07163238, 0.02658266, 0.05485940, 0.09488658, 0.05386536, 0.02210231, 0.04646690, 0.04910732, 0.06923591, 0.05296790, 0.01268203, 0.03394699, 0.06739056},
{0.08154314, 0.06064161, 0.04087755, 0.06096407, 0.01213535, 0.08774111, 0.04332907, 0.06368729, 0.02124763, 0.05676903, 0.08881178, 0.06869924, 0.01989566, 0.03545341, 0.04427932, 0.06266540, 0.04948380, 0.00959364, 0.02681575, 0.06536616},
{0.08147261, 0.05711230, 0.04238653, 0.05558245, 0.01292693, 0.07127417, 0.05507709, 0.06583957, 0.02334345, 0.05535249, 0.09324540, 0.05906277, 0.02143666, 0.03579983, 0.04731018, 0.06647389, 0.05218142, 0.01071144, 0.02830750, 0.06510330},
{0.09135771, 0.05381835, 0.03749470, 0.05414426, 0.01426296, 0.06244030, 0.03522515, 0.08239170, 0.02259954, 0.05852935, 0.09239450, 0.05001179, 0.02218768, 0.03829692, 0.04887630, 0.06686968, 0.05650134, 0.01106978, 0.02818082, 0.07334717},
{0.08189621, 0.05720323, 0.04027822, 0.05572190, 0.01457718, 0.06648939, 0.04134403, 0.07024226, 0.02753991, 0.05718961, 0.09676121, 0.05436428, 0.02285692, 0.03891732, 0.04849434, 0.06397277, 0.05163379, 0.01150488, 0.03061222, 0.06840034},
{0.07681472, 0.05153988, 0.04330289, 0.05429307, 0.01286080, 0.06573732, 0.03529432, 0.07548729, 0.02275388, 0.06696218, 0.09779767, 0.06118665, 0.02231922, 0.04044054, 0.04470986, 0.06435282, 0.05406590, 0.01019690, 0.03130092, 0.06858315},
{0.08217303, 0.05488315, 0.03874564, 0.05232613, 0.01365788, 0.06511617, 0.03893501, 0.06957075, 0.02438189, 0.06045764, 0.10727791, 0.05443462, 0.02165646, 0.04085546, 0.04611984, 0.06406722, 0.05221110, 0.01135043, 0.03089435, 0.07088529},
{0.07404813, 0.05380092, 0.04505913, 0.05784961, 0.01359265, 0.07656659, 0.03922895, 0.06585283, 0.02084679, 0.06273057, 0.09042334, 0.07568743, 0.01989795, 0.03834688, 0.04331319, 0.06438328, 0.05135317, 0.00987099, 0.02934511, 0.06780248},
{0.08170237, 0.05274335, 0.04006196, 0.05268809, 0.01385817, 0.06642880, 0.03864383, 0.07291755, 0.02424547, 0.06061207, 0.10204755, 0.05488132, 0.02636189, 0.04071341, 0.04636709, 0.06260781, 0.05344510, 0.01029166, 0.03029786, 0.06908466},
{0.07707619, 0.05074853, 0.04150915, 0.05299400, 0.01498153, 0.06427404, 0.03664640, 0.06931902, 0.02364526, 0.06210589, 0.10233987, 0.05740056, 0.02286494, 0.04487196, 0.04630552, 0.06427557, 0.05258160, 0.01239876, 0.03426997, 0.06939122},
{0.08376054, 0.05508454, 0.03611212, 0.05231448, 0.01475345, 0.06480376, 0.04121708, 0.07276313, 0.02311455, 0.05681594, 0.09517329, 0.05199549, 0.02146239, 0.03694120, 0.06054193, 0.06851491, 0.05491326, 0.01229477, 0.02835373, 0.06906944},
{0.07959078, 0.05397800, 0.04186672, 0.05311804, 0.01416979, 0.06390355, 0.03967805, 0.06640839, 0.02213709, 0.05945168, 0.09780946, 0.05514920, 0.02137083, 0.03927269, 0.04892795, 0.07913905, 0.05581626, 0.01088773, 0.02925622, 0.06806850},
{0.08650352, 0.05271260, 0.04112156, 0.05312737, 0.01429711, 0.06489577, 0.03856162, 0.07098108, 0.02304620, 0.05855457, 0.09792795, 0.05514038, 0.02272955, 0.03847344, 0.04694515, 0.06796921, 0.05852514, 0.01086544, 0.02971701, 0.06790533},
{0.08146643, 0.05354616, 0.03885316, 0.05220589, 0.01828943, 0.06285259, 0.03740410, 0.07088490, 0.02361229, 0.05750718, 0.10244130, 0.05366671, 0.02307814, 0.04206834, 0.04885153, 0.06139127, 0.04975566, 0.01859963, 0.03443345, 0.06909183},
{0.07320636, 0.05281373, 0.04445722, 0.05552805, 0.01446372, 0.06692155, 0.03831496, 0.07020221, 0.02367913, 0.06140403, 0.09623629, 0.06060992, 0.02270944, 0.04129082, 0.04658221, 0.06405410, 0.05281610, 0.01247562, 0.03586200, 0.06637255},
{0.08446144, 0.05473171, 0.03976852, 0.05438248, 0.01289957, 0.06545071, 0.03664496, 0.08013856, 0.02300208, 0.05875821, 0.09619359, 0.05671050, 0.02245728, 0.03835935, 0.04899174, 0.06176210, 0.05461421, 0.01047245, 0.02866668, 0.07153385},
},{
{0.09841036, 0.05639391, 0.03637947, 0.05382064, 0.01279804, 0.06696654, 0.03880781, 0.07514627, 0.02266642, 0.05698400, 0.09785111, 0.05347208, 0.02128384, 0.03666493, 0.04761689, 0.06173034, 0.05204065, 0.01080431, 0.02701483, 0.07314755},
{0.08525911, 0.06658108, 0.03746749, 0.05582336, 0.01357353, 0.07031071, 0.04131742, 0.06953958, 0.02334687, 0.05481533, 0.09659428, 0.05605520, 0.02168927, 0.03676673, 0.04717300, 0.06326043, 0.05150733, 0.01070954, 0.02861751, 0.06959223},
{0.07484760, 0.05136676, 0.05445783, 0.05573288, 0.01489745, 0.06664866, 0.03909820, 0.06530620, 0.02227771, 0.06314956, 0.09467944, 0.06092074, 0.02188823, 0.03937100, 0.04390850, 0.06881589, 0.05469224, 0.01073593, 0.03164179, 0.06556338},
{0.08433233, 0.05608347, 0.04064724, 0.06174286, 0.01329070, 0.07288921, 0.03876116, 0.06740031, 0.02290824, 0.05933205, 0.09567178, 0.05729272, 0.02153093, 0.03714311, 0.04392037, 0.06463185, 0.05286197, 0.01063623, 0.02961254, 0.06931094},
{0.07573665, 0.05390562, 0.04138996, 0.05453318, 0.02573064, 0.06154425, 0.03756249, 0.07326207, 0.02592845, 0.05581974, 0.09325423, 0.05495130, 0.02138965, 0.03952122, 0.05103580, 0.07223578, 0.05400918, 0.01208862, 0.03072131, 0.06537986},
{0.08238476, 0.05722570, 0.04021163, 0.05936821, 0.01335084, 0.08346185, 0.04141495, 0.06365323, 0.02234712, 0.05823706, 0.09415478, 0.06412481, 0.02109553, 0.03546615, 0.04321902, 0.06214831, 0.05166028, 0.01005352, 0.02935182, 0.06707043},
{0.08216059, 0.05615117, 0.04152838, 0.05410602, 0.01335382, 0.07049877, 0.05320112, 0.06383776, 0.02292339, 0.05587065, 0.09704985, 0.05913713, 0.02153157, 0.03657467, 0.04714224, 0.06650211, 0.05256622, 0.01103197, 0.02848593, 0.06634663},
{0.08756873, 0.05587522, 0.03847408, 0.05421850, 0.01421886, 0.06379074, 0.03634634, 0.08070354, 0.02273476, 0.05824900, 0.09555942, 0.05186773, 0.02283354, 0.03764752, 0.04932008, 0.06453224, 0.05525026, 0.01164999, 0.02836052, 0.07079892},
{0.08354759, 0.05618125, 0.03856503, 0.05713288, 0.01754815, 0.06549006, 0.04060257, 0.07321602, 0.02743394, 0.05640026, 0.09511600, 0.05598947, 0.02246006, 0.03856386, 0.04765084, 0.06453233, 0.05278927, 0.01089118, 0.03008602, 0.06580320},
{0.07723680, 0.05107372, 0.04389643, 0.05467036, 0.01306010, 0.06643418, 0.03663350, 0.07436890, 0.02283149, 0.06708512, 0.09611086, 0.06147186, 0.02194583, 0.04132679, 0.04503957, 0.06374261, 0.05350042, 0.01049227, 0.03023927, 0.06883993},
{0.08083851, 0.05458460, 0.03924883, 0.05297334, 0.01323948, 0.06687725, 0.03958298, 0.07250841, 0.02299669, 0.06112099, 0.10339378, 0.05602223, 0.02127278, 0.04041291, 0.04740867, 0.06405336, 0.05142822, 0.01113737, 0.02897734, 0.07192226},
{0.07521227, 0.05358509, 0.04392853, 0.05725881, 0.01319161, 0.07548240, 0.03942874, 0.06537453, 0.02123264, 0.06259161, 0.09184999, 0.07442027, 0.02091579, 0.03860221, 0.04295929, 0.06527001, 0.05186025, 0.00976221, 0.03005338, 0.06702037},
{0.08293099, 0.05446791, 0.04022571, 0.05238938, 0.01272838, 0.06461208, 0.03834410, 0.07399585, 0.02312649, 0.06254842, 0.09752064, 0.05648891, 0.02533523, 0.04101561, 0.04633508, 0.06391295, 0.05211930, 0.01082047, 0.03087393, 0.07020856},
{0.07674243, 0.05180032, 0.04138552, 0.05374328, 0.01401207, 0.06220778, 0.03681233, 0.07113738, 0.02329971, 0.06330267, 0.10075919, 0.05632212, 0.02273987, 0.04645815, 0.04665400, 0.06473315, 0.05334009, 0.01214003, 0.03256713, 0.06984277},
{0.08517399, 0.05562031, 0.03859571, 0.05401634, 0.01429397, 0.06589733, 0.04102852, 0.07198775, 0.02291195, 0.05388284, 0.09273806, 0.05474783, 0.02138458, 0.03771145, 0.05975727, 0.06848981, 0.05504225, 0.01120253, 0.02862613, 0.06689139},
{0.08024795, 0.05356607, 0.04167622, 0.05306539, 0.01462655, 0.06511195, 0.03964499, 0.06783514, 0.02224555, 0.05780646, 0.09741345, 0.05626338, 0.02107543, 0.03897244, 0.04867295, 0.07948705, 0.05533038, 0.01099361, 0.02892575, 0.06703928},
{0.08501153, 0.05422485, 0.04033995, 0.05294834, 0.01354447, 0.06417244, 0.03915387, 0.07210667, 0.02295041, 0.05920221, 0.09657475, 0.05636768, 0.02197870, 0.03874138, 0.04691517, 0.06695247, 0.05825057, 0.01109985, 0.03034258, 0.06912210},
{0.07997348, 0.05745687, 0.03781591, 0.05233683, 0.01582068, 0.06139291, 0.03821221, 0.07194591, 0.02513916, 0.05852316, 0.10009069, 0.05390536, 0.02181523, 0.04286875, 0.05279689, 0.06271523, 0.05040780, 0.01698260, 0.03237412, 0.06742621},
{0.07478319, 0.05443599, 0.04386075, 0.05661741, 0.01442874, 0.06557735, 0.03776959, 0.07185563, 0.02458427, 0.06139833, 0.09352093, 0.05920687, 0.02278221, 0.04233362, 0.04747547, 0.06390563, 0.05276336, 0.01226064, 0.03412457, 0.06631544},
{0.08431759, 0.05488466, 0.03980929, 0.05540233, 0.01303688, 0.06681434, 0.03714790, 0.07930584, 0.02282743, 0.05858085, 0.09531467, 0.05614318, 0.02148556, 0.03814103, 0.04800227, 0.06318558, 0.05365469, 0.01094811, 0.02965805, 0.07133976},
},{
{0.09531011, 0.05701086, 0.03655414, 0.05398465, 0.01246163, 0.06601401, 0.03857027, 0.07629949, 0.02225565, 0.05713151, 0.09807737, 0.05470432, 0.02138199, 0.03645351, 0.04835574, 0.06155195, 0.05296128, 0.01080961, 0.02706698, 0.07304493},
{0.08525804, 0.06510140, 0.03768408, 0.05485975, 0.01363016, 0.06975029, 0.04005116, 0.07147711, 0.02360822, 0.05560348, 0.09680660, 0.05576175, 0.02107129, 0.03704401, 0.04819427, 0.06323335, 0.05130431, 0.01104982, 0.02873182, 0.06977910},
{0.07368649, 0.05040547, 0.05376518, 0.05640066, 0.01418819, 0.06646109, 0.04019712, 0.06740090, 0.02336550, 0.06313145, 0.09568618, 0.06215973, 0.02120661, 0.03897221, 0.04369322, 0.06897395, 0.05477649, 0.01051981, 0.03060215, 0.06440761},
{0.08415533, 0.05688842, 0.04092327, 0.05960464, 0.01348880, 0.07193359, 0.03881997, 0.07091352, 0.02297346, 0.05806776, 0.09493541, 0.05854889, 0.02138823, 0.03758000, 0.04441374, 0.06391369, 0.05255431, 0.01042333, 0.03041348, 0.06806015},
{0.07526994, 0.05715081, 0.04158292, 0.05500394, 0.02752002, 0.06459576, 0.03945701, 0.07122768, 0.02561725, 0.05363557, 0.09259428, 0.05750707, 0.02096183, 0.03828307, 0.04845080, 0.06878199, 0.05278761, 0.01306864, 0.03138259, 0.06512122},
