double a_16[16][20][20]={{
{0.10430905, 0.05648964, 0.03447483, 0.05374082, 0.01278579, 0.06796612, 0.03978211, 0.07517180, 0.02092448, 0.05704453, 0.10249480, 0.05487707, 0.02345705, 0.03594771, 0.04173300, 0.06110058, 0.05099051, 0.01017907, 0.02577260, 0.07075845},
{0.07998385, 0.06891445, 0.03839040, 0.05520380, 0.01323111, 0.07141672, 0.04223312, 0.06623538, 0.02486552, 0.05876027, 0.09870819, 0.05675031, 0.02231959, 0.04110485, 0.04460878, 0.05974088, 0.04739603, 0.01149552, 0.03140964, 0.06723159},
{0.07368985, 0.04855242, 0.05539797, 0.05021447, 0.01419078, 0.06076475, 0.03849374, 0.07032375, 0.02197873, 0.06769373, 0.09421087, 0.05910852, 0.02170803, 0.04073837, 0.05575633, 0.06518065, 0.05075547, 0.01167995, 0.03287612, 0.06668551},
{0.08156085, 0.05067071, 0.03753178, 0.05749889, 0.01317399, 0.07344784, 0.03261672, 0.07091432, 0.02070793, 0.06673822, 0.09981515, 0.05417632, 0.02181949, 0.04348115, 0.04710249, 0.05994793, 0.04862358, 0.01288821, 0.03429203, 0.07299241},
{0.06827237, 0.05663226, 0.04108629, 0.05457604, 0.02281491, 0.05838034, 0.03901101, 0.08857897, 0.02819649, 0.05302327, 0.09133045, 0.05135689, 0.01802899, 0.04059568, 0.05446398, 0.07456126, 0.05131137, 0.01244899, 0.03233305, 0.06299740},
{0.08598725, 0.05916804, 0.04366914, 0.05512353, 0.01145399, 0.08514558, 0.04229121, 0.06163639, 0.02124776, 0.06416802, 0.09695037, 0.07012942, 0.02386592, 0.03468319, 0.03508381, 0.05289563, 0.05028846, 0.01023947, 0.02714532, 0.06882749},
{0.08872298, 0.06032711, 0.03901645, 0.04577222, 0.01265124, 0.06655624, 0.06060669, 0.06407568, 0.02437155, 0.05780667, 0.10127712, 0.05802629, 0.02337712, 0.03562408, 0.04740667, 0.05759033, 0.04979900, 0.01155628, 0.02808106, 0.06735523},
{0.07898955, 0.05631333, 0.03632511, 0.05322292, 0.01440688, 0.06288510, 0.03662345, 0.08078623, 0.02431807, 0.06237613, 0.09180881, 0.06188427, 0.02376996, 0.04185065, 0.03864109, 0.06544715, 0.05437428, 0.01224052, 0.03159066, 0.07214584},
{0.07329680, 0.05716478, 0.03830585, 0.04671863, 0.01694805, 0.05320195, 0.04203452, 0.07619980, 0.03311674, 0.06045217, 0.10294490, 0.04637068, 0.02019665, 0.04462437, 0.06088898, 0.06480503, 0.05189927, 0.01187649, 0.03491784, 0.06403649},
{0.08365514, 0.05227056, 0.04546479, 0.06296582, 0.01486451, 0.07029502, 0.03555019, 0.06937917, 0.02250432, 0.06070365, 0.08878164, 0.05890953, 0.01898962, 0.03694227, 0.04883848, 0.06768483, 0.05682132, 0.00936229, 0.02935938, 0.06665748},
{0.08762792, 0.05794729, 0.04100549, 0.05652643, 0.01365869, 0.06777722, 0.04053937, 0.06866905, 0.02331426, 0.05319868, 0.09668776, 0.05965364, 0.02059579, 0.03698149, 0.05117590, 0.06937161, 0.05428185, 0.00998466, 0.02647367, 0.06452923},
{0.08023164, 0.05618027, 0.04601674, 0.05576431, 0.01154502, 0.07857596, 0.03966681, 0.06265748, 0.02086936, 0.06201254, 0.09205113, 0.07512630, 0.02132267, 0.03242848, 0.04415654, 0.05972042, 0.05403626, 0.00956426, 0.03058509, 0.06748873},
{0.08901498, 0.05458663, 0.04205919, 0.05606042, 0.01227768, 0.06597925, 0.03958784, 0.07367699, 0.02242496, 0.05637906, 0.09651301, 0.05937941, 0.02771974, 0.03525221, 0.04838647, 0.06069462, 0.05333361, 0.00868340, 0.02585273, 0.07213778},
{0.07432880, 0.04931344, 0.04330477, 0.06240357, 0.01683594, 0.06280109, 0.03507373, 0.07521402, 0.02384546, 0.05986758, 0.09450872, 0.05257491, 0.02051985, 0.04326233, 0.04346520, 0.07512385, 0.05591430, 0.01193191, 0.03283259, 0.06687793},
{0.08103722, 0.04808098, 0.03721702, 0.05512540, 0.01232025, 0.07726699, 0.04058393, 0.07671562, 0.02323956, 0.05043568, 0.09057860, 0.04954307, 0.01972390, 0.03910133, 0.05818502, 0.07064331, 0.05418951, 0.01128834, 0.03000949, 0.07471479},
{0.07411882, 0.05315452, 0.04027942, 0.05237776, 0.01461492, 0.05941540, 0.03909224, 0.07703290, 0.02315665, 0.05643527, 0.09720630, 0.05379590, 0.02078730, 0.04090969, 0.05031068, 0.08581077, 0.05516625, 0.01155163, 0.02928412, 0.06549945},
{0.08105815, 0.04950411, 0.03788058, 0.05211172, 0.01441174, 0.05948213, 0.03525368, 0.07807562, 0.02264583, 0.05973712, 0.10151761, 0.04971771, 0.02044250, 0.03941686, 0.05740771, 0.06741561, 0.06008477, 0.01123116, 0.02814694, 0.07445845},
{0.07128817, 0.06066784, 0.04546728, 0.05626224, 0.01554493, 0.05829899, 0.04861364, 0.06346444, 0.02494625, 0.05824846, 0.11057309, 0.05681656, 0.02493791, 0.04227676, 0.03863397, 0.06281987, 0.04992095, 0.01579510, 0.03094710, 0.06447644},
{0.07087833, 0.05823237, 0.04379241, 0.05822051, 0.01646912, 0.06169782, 0.04248156, 0.07545755, 0.02521973, 0.05719353, 0.09682641, 0.05284402, 0.01964999, 0.04474027, 0.04514046, 0.06612171, 0.05255505, 0.01230084, 0.03503670, 0.06514158},
{0.08544153, 0.05352746, 0.03961535, 0.05877000, 0.01433844, 0.06960850, 0.03452142, 0.06653482, 0.02085234, 0.06089979, 0.09531541, 0.05669774, 0.02214233, 0.03751425, 0.04788448, 0.06532023, 0.05768935, 0.01024852, 0.02733855, 0.07573949},
},{
{0.10462022, 0.06009887, 0.03512401, 0.04931112, 0.01307720, 0.06720943, 0.03991027, 0.07511745, 0.02179686, 0.05770870, 0.10052778, 0.05626009, 0.02265362, 0.03549121, 0.04182062, 0.06032405, 0.05043396, 0.00996682, 0.02702645, 0.07152127},
{0.08536520, 0.06880201, 0.03492779, 0.04714200, 0.01345157, 0.06242795, 0.03948016, 0.07436404, 0.02476333, 0.06059182, 0.10869159, 0.05454417, 0.02316162, 0.03990061, 0.04365471, 0.05818296, 0.04767298, 0.01260443, 0.03063832, 0.06963276},
{0.06872881, 0.04802048, 0.05543204, 0.05545948, 0.01329093, 0.06319330, 0.03815476, 0.06035907, 0.02194740, 0.06847375, 0.10112496, 0.06071938, 0.02106903, 0.04187929, 0.04780759, 0.06727868, 0.05675093, 0.01108148, 0.03238700, 0.06684162},
{0.07978511, 0.04889818, 0.03870857, 0.06108346, 0.01301621, 0.06942019, 0.03545019, 0.05878826, 0.02046849, 0.06928619, 0.10594293, 0.05429394, 0.02195885, 0.04112605, 0.04476395, 0.06322319, 0.05070028, 0.01114135, 0.03149899, 0.08044561},
{0.07583077, 0.05447407, 0.04451155, 0.05344039, 0.02493898, 0.06407790, 0.03897124, 0.07264532, 0.02549375, 0.05571783, 0.08680557, 0.05802522, 0.02045102, 0.03942603, 0.05045179, 0.07081878, 0.05208148, 0.01129459, 0.03030228, 0.07024145},
{0.08345389, 0.05241657, 0.03468480, 0.05105268, 0.01355424, 0.07663526, 0.03741779, 0.06742658, 0.01931276, 0.06857431, 0.11213853, 0.05909059, 0.02486494, 0.04142705, 0.03921454, 0.05497987, 0.04774333, 0.01090538, 0.03056956, 0.07453735},
{0.08186902, 0.05618641, 0.03701630, 0.04594732, 0.01309032, 0.06430738, 0.05530762, 0.06517716, 0.02310432, 0.06337611, 0.11426025, 0.05442268, 0.02360180, 0.03910012, 0.04487869, 0.05952760, 0.04732988, 0.01154307, 0.02951157, 0.07044239},
{0.07953521, 0.05374741, 0.03705199, 0.05485468, 0.01421546, 0.05734060, 0.03306905, 0.08439837, 0.02116331, 0.06167970, 0.08934608, 0.05370099, 0.02239003, 0.03792761, 0.05437856, 0.06752450, 0.06028523, 0.01102500, 0.02974038, 0.07662585},
{0.07596896, 0.05494635, 0.04010120, 0.05973405, 0.01466056, 0.06159622, 0.03927558, 0.07326047, 0.03241102, 0.05918074, 0.10225967, 0.05008717, 0.02105929, 0.04133857, 0.04943909, 0.06295187, 0.04949859, 0.01209999, 0.03068265, 0.06944795},
{0.08323542, 0.05645884, 0.04808433, 0.06120368, 0.01305302, 0.07474132, 0.04110137, 0.07358460, 0.02380911, 0.05339691, 0.08079658, 0.06289928, 0.01940318, 0.03658011, 0.04593213, 0.06792096, 0.05627764, 0.00954330, 0.02845640, 0.06352183},
{0.08637175, 0.05916574, 0.04425651, 0.06147193, 0.01320181, 0.07746326, 0.04429410, 0.07137240, 0.02410110, 0.04992886, 0.08807499, 0.06311817, 0.01966897, 0.03491980, 0.04748424, 0.06659118, 0.05071737, 0.01053091, 0.02666290, 0.06060400},
{0.07631781, 0.05281183, 0.04109533, 0.04813648, 0.01300177, 0.06546259, 0.03697535, 0.06831114, 0.02133080, 0.06965967, 0.10538400, 0.07187060, 0.02295791, 0.04197485, 0.03979050, 0.05953257, 0.05076213, 0.01117095, 0.03318037, 0.07027335},
{0.08395403, 0.05824577, 0.04086817, 0.05784935, 0.01352593, 0.07500595, 0.04271571, 0.07151799, 0.02397048, 0.05412404, 0.08914236, 0.06050732, 0.02561461, 0.03966208, 0.04420499, 0.06258255, 0.05109617, 0.01106518, 0.02983098, 0.06451631},
{0.07562960, 0.05491349, 0.04757643, 0.06191193, 0.01465771, 0.06921159, 0.04135199, 0.07410300, 0.02519244, 0.05392144, 0.08483172, 0.06088067, 0.01988175, 0.03984750, 0.04953633, 0.06846581, 0.05399319, 0.01128635, 0.02979155, 0.06301551},
{0.07962337, 0.05016017, 0.03610631, 0.05225393, 0.01415060, 0.06113307, 0.03803755, 0.07404541, 0.02473939, 0.05636886, 0.09320321, 0.04827228, 0.02197653, 0.03961371, 0.06735360, 0.07090891, 0.05892788, 0.01222868, 0.03041033, 0.07048622},
{0.07697238, 0.05105326, 0.04096275, 0.05328435, 0.01446063, 0.06443508, 0.03735687, 0.06934131, 0.02176091, 0.05920103, 0.09923082, 0.05338800, 0.02103164, 0.03983713, 0.05056182, 0.08501978, 0.05541170, 0.01137745, 0.03014683, 0.06516625},
{0.08311739, 0.05323047, 0.04074885, 0.05477560, 0.01350696, 0.07132035, 0.03767161, 0.06797277, 0.02284747, 0.05724354, 0.09381251, 0.05710631, 0.02104643, 0.03788483, 0.04950569, 0.07019914, 0.06377038, 0.01052387, 0.02822918, 0.06548666},
{0.07607686, 0.06022351, 0.04369656, 0.05915399, 0.01587298, 0.06848674, 0.04401153, 0.07196168, 0.02468274, 0.04999198, 0.08778805, 0.06167913, 0.02135007, 0.03912463, 0.05151187, 0.06504270, 0.05224090, 0.01647298, 0.02938125, 0.06124985},
{0.07297602, 0.05619301, 0.04702378, 0.06084192, 0.01665589, 0.06548918, 0.04135868, 0.07109884, 0.02663888, 0.05694002, 0.08959014, 0.05989321, 0.02041390, 0.04013568, 0.04881889, 0.06503215, 0.05349716, 0.01150837, 0.03317755, 0.06271673},
{0.08978068, 0.05571360, 0.04070495, 0.06083550, 0.01394245, 0.07202566, 0.03739965, 0.07634114, 0.02249081, 0.05443568, 0.08654933, 0.05581981, 0.02084580, 0.03706482, 0.04593742, 0.06518168, 0.05424017, 0.00978257, 0.02720237, 0.07370590},
},{
{0.10362198, 0.05799216, 0.03625974, 0.05250783, 0.01264359, 0.06734573, 0.03953598, 0.07333725, 0.02227134, 0.05779585, 0.10006564, 0.05326210, 0.02229916, 0.03611882, 0.04557249, 0.06042417, 0.05139833, 0.01014015, 0.02685449, 0.07055320},
{0.08575706, 0.06824207, 0.03639000, 0.05634963, 0.01233923, 0.07100909, 0.04145843, 0.07289417, 0.02252379, 0.05520844, 0.09828840, 0.05654048, 0.02163697, 0.03798773, 0.04431248, 0.06336001, 0.04948999, 0.01102621, 0.02816447, 0.06702136},
{0.06817808, 0.05161917, 0.05560210, 0.05451172, 0.01315610, 0.06310332, 0.03804339, 0.06366568, 0.02173802, 0.06708531, 0.09761064, 0.06384363, 0.02030553, 0.04170807, 0.04357482, 0.06752701, 0.05510127, 0.01102375, 0.03269043, 0.06991196},
{0.07916158, 0.06073554, 0.04062617, 0.05840933, 0.01213529, 0.06870132, 0.03602237, 0.06660529, 0.02180394, 0.06331919, 0.09288460, 0.06507987, 0.02019033, 0.03875387, 0.04230150, 0.06236995, 0.05632257, 0.01082062, 0.03032988, 0.07342680},
{0.07401009, 0.04733256, 0.04132793, 0.05155684, 0.05293342, 0.05471143, 0.03362621, 0.07519881, 0.02602133, 0.05642565, 0.09581687, 0.04828360, 0.02157806, 0.03956976, 0.05098777, 0.06676464, 0.05374755, 0.01208121, 0.03203685, 0.06598941},
{0.08312412, 0.06764915, 0.03883702, 0.05793134, 0.01147813, 0.08488278, 0.04283292, 0.06336050, 0.02011768, 0.05609917, 0.09034902, 0.07659143, 0.01942707, 0.03519812, 0.04282912, 0.05976707, 0.04859555, 0.00977349, 0.02715287, 0.06400344},
{0.08266816, 0.05805811, 0.04038590, 0.05391821, 0.01268022, 0.07235572, 0.05681674, 0.06435886, 0.02304159, 0.05701480, 0.09769676, 0.05845477, 0.02095934, 0.03677278, 0.04625199, 0.06485994, 0.05014326, 0.01090852, 0.02794460, 0.06470973},
{0.08338180, 0.05155133, 0.03416825, 0.04825185, 0.01407848, 0.05569050, 0.03215322, 0.08428475, 0.02327967, 0.06494757, 0.09523741, 0.04869509, 0.02195517, 0.04166315, 0.05136134, 0.06420771, 0.05749566, 0.01100183, 0.03074023, 0.08585497},
{0.07481017, 0.05790468, 0.04251165, 0.05482029, 0.01573371, 0.06543663, 0.04106832, 0.07046066, 0.03234860, 0.05574592, 0.09350578, 0.05293825, 0.02135516, 0.04031479, 0.04989853, 0.06639281, 0.05506434, 0.01184242, 0.03123819, 0.06660911},
{0.08293226, 0.04773313, 0.04576376, 0.05676442, 0.01373410, 0.06534145, 0.03596912, 0.07755782, 0.02312512, 0.06534653, 0.09974910, 0.05571764, 0.02282454, 0.03977928, 0.04323454, 0.06392233, 0.05341785, 0.01084706, 0.02991070, 0.06632926},
{0.08723920, 0.05411392, 0.03980602, 0.05345064, 0.01404540, 0.06776920, 0.04030750, 0.07061386, 0.02440282, 0.05845734, 0.10838609, 0.05573283, 0.02333033, 0.03905335, 0.04430254, 0.06385015, 0.04986803, 0.01141758, 0.02986154, 0.06399166},
{0.07381784, 0.05342341, 0.04381041, 0.05788035, 0.01148138, 0.08179060, 0.04135256, 0.06615137, 0.02036651, 0.06229026, 0.09312056, 0.07691678, 0.01926787, 0.03810135, 0.04248024, 0.06318032, 0.04923913, 0.00952819, 0.02901036, 0.06679050},
{0.08780139, 0.05248355, 0.04079355, 0.05458282, 0.01440022, 0.06477086, 0.03771676, 0.07301032, 0.02368733, 0.05806608, 0.10052194, 0.05336192, 0.02801624, 0.04031743, 0.04284028, 0.06388951, 0.05217002, 0.01162705, 0.03113987, 0.06880285},
{0.07683172, 0.05089622, 0.04397398, 0.05791900, 0.01403095, 0.06525868, 0.03721165, 0.06993186, 0.02446500, 0.05830585, 0.09903348, 0.05500721, 0.02397956, 0.04485294, 0.04866844, 0.06705109, 0.05259630, 0.01312474, 0.03225271, 0.06460860},
{0.08099982, 0.05550959, 0.03380807, 0.04944038, 0.01460517, 0.06289176, 0.03994953, 0.06624992, 0.02235817, 0.05909099, 0.09298872, 0.05200306, 0.02132580, 0.03790742, 0.06806878, 0.06881749, 0.05772749, 0.01173117, 0.02911567, 0.07541102},
{0.07586230, 0.05216593, 0.04313501, 0.05706958, 0.01380214, 0.06909222, 0.04083807, 0.06842278, 0.02260260, 0.05555813, 0.09179705, 0.05503822, 0.02028739, 0.03842375, 0.05145471, 0.08320552, 0.05637604, 0.01082539, 0.02913226, 0.06491090},
{0.08137451, 0.05204425, 0.04249588, 0.05688417, 0.01353225, 0.06873058, 0.04151474, 0.07308139, 0.02317889, 0.05717917, 0.08912647, 0.05405799, 0.02103552, 0.03776321, 0.05033551, 0.06929374, 0.06062027, 0.01090724, 0.02895788, 0.06788635},
{0.07739771, 0.05705711, 0.04332105, 0.05850167, 0.01373655, 0.06527648, 0.03928276, 0.07591439, 0.02443630, 0.04914737, 0.09313771, 0.05312432, 0.02238771, 0.04247561, 0.05350558, 0.06576176, 0.05013020, 0.01672969, 0.03223269, 0.06644331},
{0.07198952, 0.05263743, 0.04537031, 0.06005918, 0.01407345, 0.06761914, 0.03974279, 0.06836929, 0.02369473, 0.05937475, 0.09328245, 0.05845153, 0.02296575, 0.04113831, 0.04925836, 0.06663914, 0.05273273, 0.01165887, 0.03551115, 0.06543111},
{0.08901143, 0.05012332, 0.04029570, 0.05719121, 0.01389806, 0.06471350, 0.03521357, 0.08055807, 0.02307251, 0.05872569, 0.09618688, 0.05211345, 0.02320087, 0.03707128, 0.04683021, 0.06445997, 0.05472566, 0.01081641, 0.02863038, 0.07316180},
},{
{0.11494978, 0.05679943, 0.03396202, 0.05157963, 0.01249143, 0.06478063, 0.03757162, 0.08113595, 0.02181796, 0.05385444, 0.09676000, 0.05225119, 0.02094306, 0.03512739, 0.04543731, 0.06147033, 0.05066880, 0.01048897, 0.02715457, 0.07075547},
{0.08273914, 0.06776783, 0.03629463, 0.05590487, 0.01289911, 0.07887238, 0.04158250, 0.06870366, 0.02238962, 0.05716848, 0.09659018, 0.05521085, 0.02137475, 0.03605281, 0.04793403, 0.06263756, 0.04957207, 0.01106278, 0.02801533, 0.06722742},
{0.07319426, 0.05089151, 0.05541355, 0.05258769, 0.01335138, 0.06465049, 0.03973702, 0.06194586, 0.02256644, 0.06690362, 0.09246371, 0.06246342, 0.02180284, 0.04109563, 0.04260930, 0.06951872, 0.05557139, 0.01145439, 0.03248806, 0.06929071},
{0.08491072, 0.06005580, 0.04107292, 0.05804013, 0.01288468, 0.07135262, 0.03921290, 0.06130402, 0.02206826, 0.06226542, 0.09391365, 0.06029076, 0.02117463, 0.03996855, 0.04304856, 0.06202715, 0.05152103, 0.01116011, 0.03093682, 0.07279126},
{0.07162602, 0.04898186, 0.04323899, 0.05318364, 0.02835667, 0.05783217, 0.03623680, 0.09194493, 0.02708917, 0.05428224, 0.09489673, 0.04984190, 0.02162066, 0.04747074, 0.04757971, 0.06748261, 0.05149467, 0.01244384, 0.03167271, 0.06272394},
{0.08314709, 0.06564280, 0.04000445, 0.05563043, 0.01113625, 0.08409184, 0.04526621, 0.05834564, 0.02172686, 0.05628844, 0.09275473, 0.07541990, 0.01943692, 0.03508478, 0.04204881, 0.06102597, 0.04984055, 0.01007486, 0.02824255, 0.06479091},
{0.07977404, 0.05553451, 0.04206687, 0.06102142, 0.01187122, 0.07808001, 0.05669727, 0.06165660, 0.02366943, 0.05492080, 0.09539863, 0.05808342, 0.02073731, 0.03606960, 0.04572850, 0.06426676, 0.05138986, 0.01205674, 0.02756389, 0.06341311},
{0.08973701, 0.05569185, 0.03603253, 0.05247644, 0.01389025, 0.05986713, 0.03430151, 0.08413177, 0.02209854, 0.05862080, 0.09273274, 0.04831094, 0.02088375, 0.03980023, 0.04961562, 0.06713677, 0.05677911, 0.01114048, 0.03005726, 0.07669529},
{0.07534444, 0.05415828, 0.03870952, 0.05372859, 0.01441982, 0.06471303, 0.04143440, 0.06669166, 0.03479600, 0.05895187, 0.09894222, 0.05463430, 0.02273840, 0.03913662, 0.04941902, 0.06433437, 0.05407267, 0.01106158, 0.03040575, 0.07230747},
{0.07456437, 0.04984334, 0.04526117, 0.05674304, 0.01468619, 0.06384301, 0.03552743, 0.07359288, 0.02331543, 0.06762279, 0.10174281, 0.05978008, 0.02389832, 0.03995548, 0.04297493, 0.06327417, 0.05508783, 0.00993882, 0.02937292, 0.06897498},
{0.08004332, 0.05241361, 0.03976885, 0.05511778, 0.01458158, 0.06473140, 0.03935445, 0.07820424, 0.02308384, 0.05999575, 0.10657515, 0.05365698, 0.02284095, 0.04027703, 0.04798810, 0.06263527, 0.05042179, 0.01079224, 0.02985924, 0.06765839},
{0.07341561, 0.05124536, 0.04256634, 0.05938693, 0.01305888, 0.08666556, 0.04008742, 0.05957049, 0.02024576, 0.06443704, 0.09149250, 0.07524034, 0.01976377, 0.03788768, 0.04253847, 0.06383915, 0.05185095, 0.01015802, 0.02933169, 0.06721805},
{0.08203899, 0.05214314, 0.04080896, 0.05540099, 0.01398309, 0.06579189, 0.03870877, 0.08166352, 0.02410757, 0.05859985, 0.09847148, 0.05435040, 0.02819072, 0.04089421, 0.04511640, 0.06211619, 0.04981469, 0.01134534, 0.03030107, 0.06615275},
{0.07208755, 0.05023726, 0.04331298, 0.05610985, 0.01684604, 0.06078308, 0.03654120, 0.07318388, 0.02440746, 0.05835353, 0.10036901, 0.05633200, 0.02362171, 0.04783204, 0.04703419, 0.06602464, 0.05377232, 0.01203670, 0.03329336, 0.06782123},
{0.08605843, 0.05663275, 0.03615570, 0.05091644, 0.01272058, 0.06635429, 0.04034108, 0.07182047, 0.02291233, 0.05473198, 0.08786804, 0.05406512, 0.01966920, 0.03708668, 0.06753313, 0.06924499, 0.05552049, 0.01175545, 0.02908133, 0.06953153},
{0.08051616, 0.05385377, 0.04257430, 0.05245845, 0.01353635, 0.06215485, 0.03917886, 0.06732128, 0.02254841, 0.05743811, 0.09375414, 0.05723481, 0.02079707, 0.03917302, 0.05014565, 0.08488995, 0.05646552, 0.01104319, 0.02949752, 0.06541861},
{0.08226014, 0.05197675, 0.04184585, 0.05216948, 0.01376090, 0.06362858, 0.03755942, 0.06635375, 0.02274937, 0.06308479, 0.09844729, 0.05485713, 0.02364048, 0.03818661, 0.04945933, 0.06792459, 0.05968584, 0.01154936, 0.02905755, 0.07180278},
{0.07305485, 0.06101882, 0.04519663, 0.05492690, 0.01772827, 0.06266123, 0.04299693, 0.07854774, 0.02769570, 0.05095859, 0.08960717, 0.05352410, 0.02180559, 0.04187989, 0.04842991, 0.06543002, 0.05422035, 0.01619191, 0.03250756, 0.06161785},
{0.06722952, 0.05436635, 0.04565818, 0.05821321, 0.01623677, 0.06405044, 0.04015027, 0.06904856, 0.02404611, 0.06054222, 0.09530331, 0.06320165, 0.02296115, 0.04005347, 0.04673291, 0.06433958, 0.05298951, 0.01233457, 0.03492475, 0.06761747},
{0.08184142, 0.05212275, 0.04061846, 0.05951590, 0.01475152, 0.06509110, 0.03517546, 0.07971789, 0.02229679, 0.05952548, 0.09981961, 0.05351129, 0.02235113, 0.03698766, 0.04716771, 0.06253433, 0.05575876, 0.00984420, 0.02791262, 0.07345591},
},{
{0.09864176, 0.05648798, 0.03614511, 0.05349277, 0.01238981, 0.06631377, 0.03914844, 0.07583919, 0.02226192, 0.05721505, 0.10122689, 0.05423738, 0.02232837, 0.03614530, 0.04565573, 0.06129532, 0.05139307, 0.01079068, 0.02706140, 0.07193009},
{0.08443078, 0.06644525, 0.03817493, 0.05439530, 0.01375197, 0.07041515, 0.04014579, 0.07169712, 0.02442784, 0.05482337, 0.09876821, 0.05623072, 0.02146073, 0.03654374, 0.04588144, 0.06297864, 0.05164364, 0.01096167, 0.02908342, 0.06774028},
{0.07383236, 0.04996089, 0.05320866, 0.05427830, 0.01419661, 0.06460308, 0.04044009, 0.06019889, 0.02297075, 0.06717147, 0.09744070, 0.05996522, 0.02145368, 0.04188550, 0.04380145, 0.06800252, 0.05479659, 0.01123028, 0.03172911, 0.06883384},
{0.08281225, 0.05590078, 0.03745519, 0.05606463, 0.01392307, 0.07007920, 0.03745509, 0.06502568, 0.02221886, 0.06370295, 0.10091022, 0.05542289, 0.02331426, 0.04022289, 0.04320473, 0.06144760, 0.05322808, 0.01171342, 0.03164715, 0.07425106},
{0.07383670, 0.05473924, 0.04175369, 0.05442607, 0.02970219, 0.06353268, 0.03714340, 0.07643342, 0.02565637, 0.05427630, 0.08959791, 0.05820542, 0.02080838, 0.03683490, 0.05053158, 0.06929798, 0.05438445, 0.01184804, 0.03063896, 0.06635231},
{0.08438564, 0.05515378, 0.03688492, 0.05460978, 0.01371754, 0.07772644, 0.03883881, 0.06125072, 0.02135210, 0.06391428, 0.10646662, 0.06049216, 0.02218822, 0.04045453, 0.04150522, 0.05917197, 0.04921702, 0.01063580, 0.03121322, 0.07082123},
{0.08368367, 0.05551397, 0.03923393, 0.05042522, 0.01309767, 0.06837953, 0.05176056, 0.06295622, 0.02341715, 0.05888509, 0.10347188, 0.05695244, 0.02229873, 0.03868436, 0.04606958, 0.06422236, 0.05176152, 0.01153049, 0.03008949, 0.06756612},
{0.08457374, 0.05383715, 0.03668997, 0.05440011, 0.01441025, 0.06104006, 0.03540494, 0.08034572, 0.02261585, 0.06198061, 0.09640009, 0.04833704, 0.02356949, 0.03986392, 0.04732593, 0.06385102, 0.05550737, 0.01161705, 0.02947736, 0.07875231},
{0.08070278, 0.05520362, 0.03939480, 0.05552938, 0.01445472, 0.06476813, 0.04109700, 0.06842515, 0.03025484, 0.05752607, 0.09442436, 0.05375074, 0.02096811, 0.03843962, 0.05022896, 0.06641459, 0.05715726, 0.01212875, 0.03037150, 0.06875961},
{0.07797423, 0.05252500, 0.04720199, 0.05870624, 0.01300953, 0.06987324, 0.03764975, 0.07888666, 0.02237171, 0.06038309, 0.08838678, 0.06432237, 0.02092988, 0.03879909, 0.04709404, 0.06642294, 0.05308667, 0.00972037, 0.02847237, 0.06418406},
{0.08333905, 0.05689626, 0.04161071, 0.05634203, 0.01318375, 0.06967124, 0.04169965, 0.07395140, 0.02264268, 0.05775293, 0.09444038, 0.05968454, 0.02057725, 0.03802378, 0.04843791, 0.06548141, 0.05178398, 0.01057718, 0.02823394, 0.06566992},
{0.07576183, 0.05389952, 0.04371541, 0.05377898, 0.01306631, 0.07265217, 0.03833657, 0.06241987, 0.02139152, 0.06500350, 0.09705884, 0.07339579, 0.02137029, 0.03914718, 0.04185670, 0.06394599, 0.05171884, 0.01036431, 0.03164610, 0.06947027},
{0.08481335, 0.05565226, 0.04077176, 0.05390339, 0.01320652, 0.06973024, 0.03986087, 0.07720781, 0.02322357, 0.05746883, 0.09350610, 0.05736963, 0.02556342, 0.03947053, 0.04634572, 0.06459970, 0.05164886, 0.01072235, 0.02812050, 0.06681455},
{0.07575196, 0.05259237, 0.04535900, 0.05816676, 0.01418020, 0.06628747, 0.03772172, 0.07388859, 0.02433528, 0.05835321, 0.09274320, 0.05916769, 0.02131930, 0.04338537, 0.04932946, 0.06678591, 0.05343952, 0.01146245, 0.03099374, 0.06473679},
{0.08558337, 0.05483999, 0.03557014, 0.05153823, 0.01396676, 0.06480410, 0.03961444, 0.06915021, 0.02317411, 0.05650822, 0.09445557, 0.05142367, 0.02099246, 0.03725543, 0.06304508, 0.06942586, 0.05514966, 0.01200127, 0.03015306, 0.07134835},
{0.07858442, 0.05296954, 0.04144073, 0.05281554, 0.01465440, 0.06467604, 0.04019388, 0.06580416, 0.02272223, 0.05885112, 0.09872293, 0.05597352, 0.02156559, 0.03890724, 0.04951629, 0.07840978, 0.05635290, 0.01128716, 0.02914221, 0.06741032},
{0.08350671, 0.05429078, 0.04036591, 0.05470893, 0.01358255, 0.06649577, 0.03835209, 0.06978067, 0.02280584, 0.05909572, 0.09694023, 0.05610576, 0.02188283, 0.03832426, 0.04709068, 0.06834130, 0.05916388, 0.01085011, 0.02932190, 0.06899408},
{0.07788252, 0.05498023, 0.04101876, 0.05600805, 0.01542754, 0.06438877, 0.04269903, 0.07696918, 0.02399447, 0.05384188, 0.09540303, 0.05593190, 0.02118812, 0.04202790, 0.05311867, 0.06521220, 0.05253107, 0.01422187, 0.03038687, 0.06276795},
{0.07399818, 0.05455730, 0.04615898, 0.06077610, 0.01527315, 0.06927584, 0.03965639, 0.07382495, 0.02426337, 0.05824607, 0.08922949, 0.06188697, 0.02018097, 0.04055181, 0.04702937, 0.06586739, 0.05196186, 0.01105279, 0.03349662, 0.06271240},
{0.08613990, 0.05610140, 0.04148952, 0.05979591, 0.01294245, 0.06964933, 0.03784863, 0.08342210, 0.02244761, 0.05361715, 0.08820873, 0.05846837, 0.02100372, 0.03607461, 0.04890500, 0.06510248, 0.05344438, 0.01010916, 0.02696278, 0.06826677},
},{
{0.09842176, 0.05728711, 0.03689295, 0.05429191, 0.01210851, 0.06798614, 0.03956282, 0.07469399, 0.02214704, 0.05531325, 0.09767997, 0.05513454, 0.02181599, 0.03616441, 0.04833999, 0.06240093, 0.05278281, 0.01006100, 0.02634380, 0.07057107},
{0.08520195, 0.06462328, 0.03691437, 0.05421513, 0.01375682, 0.06870708, 0.03853337, 0.07337466, 0.02321035, 0.05708122, 0.09788597, 0.05505029, 0.02169509, 0.03766044, 0.04863480, 0.06303639, 0.05074672, 0.01116144, 0.02857823, 0.06993241},
{0.07540039, 0.04857976, 0.05384889, 0.05441228, 0.01410898, 0.06479695, 0.03879140, 0.06440613, 0.02193276, 0.06650292, 0.09661988, 0.06081696, 0.02137694, 0.04169917, 0.04292007, 0.06760196, 0.05362361, 0.01086761, 0.03208366, 0.06960968},
{0.08104492, 0.05634382, 0.03886217, 0.05983695, 0.01389800, 0.06957876, 0.03830575, 0.06774221, 0.02187836, 0.06339580, 0.09975348, 0.05623816, 0.02140962, 0.04034776, 0.04386813, 0.06166188, 0.05170094, 0.01128589, 0.03111794, 0.07172946},
{0.07785866, 0.05435939, 0.04189849, 0.05443019, 0.03017783, 0.06418216, 0.03802220, 0.07525165, 0.02460517, 0.05089038, 0.08767015, 0.05529219, 0.02093932, 0.03894839, 0.05324416, 0.07026946, 0.05424931, 0.01234576, 0.03206444, 0.06330071},
{0.08147333, 0.05631220, 0.03815229, 0.05504019, 0.01331265, 0.07697482, 0.03897132, 0.06632582, 0.02140476, 0.06329086, 0.10386721, 0.06152957, 0.02199572, 0.03871878, 0.04301829, 0.05972324, 0.04905788, 0.01057662, 0.02894650, 0.07130797},
{0.08216142, 0.05617988, 0.03938862, 0.05099340, 0.01387263, 0.06708886, 0.05194325, 0.06695520, 0.02363216, 0.05872887, 0.10376487, 0.05651246, 0.02182124, 0.03804763, 0.04723093, 0.06316250, 0.05108916, 0.01156032, 0.02925793, 0.06660867},
{0.08749711, 0.05353198, 0.03606087, 0.05370332, 0.01533763, 0.06191229, 0.03592163, 0.08346368, 0.02253027, 0.06096250, 0.09463404, 0.05182344, 0.02298791, 0.03809097, 0.04628784, 0.06405487, 0.05453402, 0.01171236, 0.02892800, 0.07602526},
{0.07902665, 0.05592268, 0.04122083, 0.05290528, 0.01620596, 0.06478100, 0.03985036, 0.07107272, 0.02835013, 0.05867892, 0.09733173, 0.05271235, 0.02228875, 0.03998423, 0.04842447, 0.06504263, 0.05297374, 0.01204301, 0.03213123, 0.06905336},
{0.07881625, 0.05321912, 0.04605951, 0.05798111, 0.01228839, 0.07119136, 0.03831021, 0.07319728, 0.02332990, 0.06108059, 0.09176057, 0.06399551, 0.02091642, 0.03868642, 0.04431473, 0.06503571, 0.05345162, 0.00999633, 0.02970682, 0.06666215},
{0.08341950, 0.05636833, 0.04155404, 0.05759278, 0.01268540, 0.07110369, 0.04179528, 0.06896228, 0.02371804, 0.05756834, 0.09647049, 0.05912614, 0.02092049, 0.03718888, 0.04666929, 0.06593445, 0.05279391, 0.01084701, 0.02843592, 0.06684575},
{0.07613951, 0.05279095, 0.04199071, 0.05346453, 0.01372996, 0.07137291, 0.03765410, 0.06662380, 0.02148385, 0.06598031, 0.09758160, 0.07111597, 0.02144736, 0.04096736, 0.04200501, 0.06235980, 0.05023093, 0.01046777, 0.03203401, 0.07055957},
{0.08316077, 0.05694090, 0.04276616, 0.05488797, 0.01280000, 0.07006324, 0.03903202, 0.07425894, 0.02301280, 0.05761462, 0.09333560, 0.05967723, 0.02507764, 0.03771708, 0.04592013, 0.06396524, 0.05249582, 0.01021106, 0.03061805, 0.06644474},
{0.07702499, 0.05434450, 0.04454278, 0.05708119, 0.01320980, 0.06713373, 0.03941766, 0.07052526, 0.02375520, 0.05899413, 0.09353150, 0.05899385, 0.02181849, 0.04256158, 0.04768364, 0.06770056, 0.05345428, 0.01190902, 0.03080758, 0.06551026},
{0.08308095, 0.05380032, 0.03543588, 0.05247310, 0.01535129, 0.06126665, 0.03835907, 0.06765130, 0.02321783, 0.05755885, 0.09852959, 0.04956572, 0.02241672, 0.04028166, 0.06283645, 0.06830262, 0.05694869, 0.01253672, 0.02974021, 0.07064636},
{0.07953579, 0.05417980, 0.04174284, 0.05211611, 0.01417600, 0.06421692, 0.04019830, 0.06752500, 0.02224636, 0.05836792, 0.09762707, 0.05666620, 0.02159387, 0.03931266, 0.04911055, 0.08035335, 0.05577900, 0.01077322, 0.02886590, 0.06561315},
{0.08525771, 0.05333650, 0.04092449, 0.05376370, 0.01380026, 0.06678435, 0.03935973, 0.07005620, 0.02290937, 0.05831835, 0.09475965, 0.05645875, 0.02254548, 0.03841703, 0.04798489, 0.06785649, 0.05929997, 0.01060775, 0.02953189, 0.06802745},
{0.07885659, 0.05461926, 0.03966073, 0.05628563, 0.01482830, 0.06608828, 0.03928529, 0.07423930, 0.02562114, 0.05272831, 0.09606331, 0.05247278, 0.02206186, 0.04229616, 0.05269833, 0.06410593, 0.05513524, 0.01617722, 0.03218196, 0.06459439},
{0.07438013, 0.05481621, 0.04452816, 0.05797263, 0.01431369, 0.06968068, 0.04069372, 0.06990735, 0.02402062, 0.05943047, 0.09149489, 0.06130510, 0.02106692, 0.03950716, 0.04833810, 0.06513953, 0.05301379, 0.01184314, 0.03354986, 0.06499786},
{0.08450694, 0.05561672, 0.04139975, 0.05807425, 0.01294676, 0.06927855, 0.03774728, 0.08015940, 0.02336477, 0.05524883, 0.09051492, 0.05721963, 0.02090546, 0.03678371, 0.04759000, 0.06524503, 0.05492795, 0.01011986, 0.02857308, 0.06977710},
},{
{0.09895490, 0.05633767, 0.03630324, 0.05474950, 0.01219221, 0.06622491, 0.03963888, 0.07637814, 0.02221238, 0.05606317, 0.09772065, 0.05320555, 0.02164721, 0.03643819, 0.04805887, 0.06218149, 0.05297489, 0.01061307, 0.02625126, 0.07185384},
{0.08411643, 0.06747235, 0.03732537, 0.05619750, 0.01345107, 0.06972285, 0.04137362, 0.07391557, 0.02300130, 0.05548878, 0.09532413, 0.05672200, 0.02087799, 0.03615248, 0.04810979, 0.06215311, 0.04952673, 0.01141357, 0.02833694, 0.06931842},
{0.07391444, 0.04944135, 0.05436720, 0.05615318, 0.01432037, 0.06738825, 0.03938755, 0.06535143, 0.02241782, 0.06415861, 0.09470483, 0.06148442, 0.02168657, 0.04003302, 0.04275554, 0.06892127, 0.05383207, 0.01087203, 0.03153548, 0.06727458},
{0.08373168, 0.05711965, 0.04139212, 0.06289068, 0.01322744, 0.07352533, 0.03856169, 0.06644067, 0.02265034, 0.05995837, 0.09235961, 0.05953886, 0.02094445, 0.03816933, 0.04393958, 0.06472403, 0.05291884, 0.01070000, 0.02926176, 0.06794555},
{0.07261553, 0.05453196, 0.04027484, 0.05061215, 0.03172609, 0.05769169, 0.03663627, 0.07158317, 0.02660198, 0.05487855, 0.09487526, 0.05392981, 0.02213837, 0.04650095, 0.04913556, 0.06924808, 0.05299547, 0.01268950, 0.03399544, 0.06733933},
{0.08150858, 0.06061881, 0.04089891, 0.06099241, 0.01213303, 0.08774174, 0.04331531, 0.06370426, 0.02125066, 0.05679807, 0.08883553, 0.06869242, 0.01991421, 0.03546520, 0.04425104, 0.06265540, 0.04946960, 0.00958052, 0.02681580, 0.06535850},
{0.08143401, 0.05709416, 0.04240347, 0.05560549, 0.01292411, 0.07128689, 0.05508031, 0.06584004, 0.02333299, 0.05535330, 0.09320457, 0.05903111, 0.02145215, 0.03581032, 0.04732021, 0.06647087, 0.05217427, 0.01071855, 0.02833320, 0.06512999},
{0.09132465, 0.05378708, 0.03746211, 0.05418270, 0.01426160, 0.06245424, 0.03521949, 0.08237484, 0.02258973, 0.05854634, 0.09239591, 0.04999064, 0.02219554, 0.03831459, 0.04889751, 0.06684651, 0.05651926, 0.01107917, 0.02819966, 0.07335844},
{0.08185315, 0.05721191, 0.04025655, 0.05576622, 0.01458775, 0.06651620, 0.04136459, 0.07024620, 0.02755286, 0.05718908, 0.09670185, 0.05435135, 0.02286189, 0.03892075, 0.04847352, 0.06394835, 0.05166985, 0.01147330, 0.03063178, 0.06842285},
{0.07677993, 0.05154998, 0.04333778, 0.05432340, 0.01286799, 0.06575635, 0.03530360, 0.07535766, 0.02275475, 0.06694526, 0.09776337, 0.06121905, 0.02234447, 0.04043944, 0.04476213, 0.06433064, 0.05406948, 0.01020835, 0.03132224, 0.06856411},
{0.08213316, 0.05488666, 0.03880140, 0.05236855, 0.01364692, 0.06516635, 0.03895577, 0.06952810, 0.02440167, 0.06047345, 0.10722367, 0.05447824, 0.02165887, 0.04081670, 0.04612952, 0.06402347, 0.05219148, 0.01134669, 0.03091456, 0.07085478},
{0.07403292, 0.05379588, 0.04507471, 0.05789928, 0.01361175, 0.07660656, 0.03923359, 0.06578490, 0.02081709, 0.06275504, 0.09041734, 0.07567973, 0.01990250, 0.03833057, 0.04328486, 0.06439433, 0.05133601, 0.00984242, 0.02937085, 0.06782968},
{0.08166807, 0.05276858, 0.04008139, 0.05271048, 0.01385800, 0.06641875, 0.03866599, 0.07291916, 0.02426715, 0.06062728, 0.10201406, 0.05487058, 0.02636616, 0.04063339, 0.04639283, 0.06262150, 0.05346138, 0.01029145, 0.03029551, 0.06906828},
{0.07706484, 0.05072193, 0.04153025, 0.05303733, 0.01498205, 0.06428742, 0.03665386, 0.06927152, 0.02366587, 0.06208140, 0.10221149, 0.05744241, 0.02285835, 0.04488861, 0.04631296, 0.06430090, 0.05262036, 0.01239660, 0.03429830, 0.06937354},
{0.08376564, 0.05509251, 0.03612218, 0.05232356, 0.01475267, 0.06481691, 0.04117034, 0.07279105, 0.02302995, 0.05684903, 0.09508476, 0.05203907, 0.02147173, 0.03693472, 0.06054535, 0.06850562, 0.05493708, 0.01230198, 0.02836976, 0.06909609},
{0.07951840, 0.05394786, 0.04188474, 0.05313331, 0.01416697, 0.06393952, 0.03970315, 0.06637643, 0.02213227, 0.05945192, 0.09781253, 0.05515457, 0.02138379, 0.03927919, 0.04894813, 0.07907365, 0.05583756, 0.01088658, 0.02927521, 0.06809421},
{0.08647348, 0.05273087, 0.04113212, 0.05313615, 0.01430625, 0.06492480, 0.03857573, 0.07091775, 0.02304841, 0.05857482, 0.09793553, 0.05512618, 0.02272301, 0.03848235, 0.04693034, 0.06796696, 0.05854974, 0.01087282, 0.02974362, 0.06784909},
{0.08144616, 0.05356439, 0.03885786, 0.05227979, 0.01829987, 0.06286372, 0.03744205, 0.07080621, 0.02365400, 0.05749780, 0.10233046, 0.05372804, 0.02308492, 0.04203250, 0.04887861, 0.06134520, 0.04975679, 0.01863306, 0.03447823, 0.06902035},
{0.07321716, 0.05278443, 0.04449752, 0.05548832, 0.01441762, 0.06695821, 0.03832839, 0.07017229, 0.02369912, 0.06139275, 0.09625023, 0.06060853, 0.02270069, 0.04129881, 0.04660872, 0.06401980, 0.05282248, 0.01248991, 0.03588116, 0.06636387},
{0.08441526, 0.05474911, 0.03979187, 0.05440879, 0.01289850, 0.06548637, 0.03666569, 0.08002266, 0.02299876, 0.05877633, 0.09619201, 0.05672864, 0.02247034, 0.03837229, 0.04903110, 0.06173060, 0.05456973, 0.01047242, 0.02868052, 0.07153903},
},{
{0.09837868, 0.05640154, 0.03636303, 0.05385979, 0.01280211, 0.06701633, 0.03880624, 0.07510184, 0.02266315, 0.05699107, 0.09780501, 0.05349217, 0.02130766, 0.03664776, 0.04761048, 0.06168928, 0.05205002, 0.01081123, 0.02703435, 0.07316826},
{0.08527685, 0.06655037, 0.03748959, 0.05584580, 0.01356495, 0.07030461, 0.04133396, 0.06943916, 0.02332000, 0.05487010, 0.09657610, 0.05602752, 0.02171273, 0.03674522, 0.04718742, 0.06325995, 0.05150089, 0.01071551, 0.02864441, 0.06963485},
{0.07480775, 0.05137172, 0.05448284, 0.05573634, 0.01489692, 0.06666190, 0.03912281, 0.06529661, 0.02227759, 0.06317238, 0.09467274, 0.06088790, 0.02188870, 0.03933777, 0.04390938, 0.06882145, 0.05471771, 0.01072189, 0.03167322, 0.06554237},
{0.08433076, 0.05601698, 0.04068809, 0.06176867, 0.01328958, 0.07284105, 0.03875828, 0.06739923, 0.02290283, 0.05934426, 0.09568722, 0.05731315, 0.02152724, 0.03716327, 0.04391562, 0.06465175, 0.05288557, 0.01063764, 0.02962490, 0.06925391},
{0.07566531, 0.05393708, 0.04142745, 0.05460992, 0.02563377, 0.06159571, 0.03755963, 0.07326800, 0.02595463, 0.05583346, 0.09309868, 0.05497472, 0.02139647, 0.03954040, 0.05103301, 0.07223542, 0.05401759, 0.01210671, 0.03074068, 0.06537135},
{0.08234446, 0.05721292, 0.04024151, 0.05939911, 0.01334362, 0.08348860, 0.04141255, 0.06364839, 0.02232752, 0.05825147, 0.09413340, 0.06413906, 0.02109504, 0.03546671, 0.04318256, 0.06214393, 0.05164777, 0.01005037, 0.02935766, 0.06711337},
{0.08217230, 0.05611643, 0.04153000, 0.05415433, 0.01335748, 0.07050876, 0.05320476, 0.06379827, 0.02294311, 0.05587031, 0.09702005, 0.05911092, 0.02155263, 0.03654630, 0.04716253, 0.06651201, 0.05257920, 0.01104044, 0.02848543, 0.06633474},
{0.08758139, 0.05587904, 0.03848940, 0.05425594, 0.01421421, 0.06380754, 0.03634498, 0.08068675, 0.02275457, 0.05824705, 0.09554873, 0.05185976, 0.02284021, 0.03766703, 0.04933180, 0.06445771, 0.05523879, 0.01166086, 0.02837749, 0.07075673},
{0.08357390, 0.05620995, 0.03852541, 0.05712736, 0.01755697, 0.06554081, 0.04063089, 0.07314794, 0.02732183, 0.05642694, 0.09513922, 0.05600919, 0.02246388, 0.03858307, 0.04769670, 0.06442641, 0.05278248, 0.01089809, 0.03012961, 0.06580935},
{0.07716395, 0.05095735, 0.04392108, 0.05470000, 0.01305693, 0.06646645, 0.03666618, 0.07435151, 0.02284587, 0.06706554, 0.09612416, 0.06147480, 0.02197417, 0.04135543, 0.04506565, 0.06372003, 0.05350561, 0.01048141, 0.03025373, 0.06885015},
{0.08074447, 0.05462512, 0.03927244, 0.05299586, 0.01323160, 0.06692454, 0.03957161, 0.07250568, 0.02299741, 0.06113702, 0.10332390, 0.05605652, 0.02127436, 0.04041985, 0.04741788, 0.06401999, 0.05141202, 0.01111642, 0.02901560, 0.07193770},
{0.07517752, 0.05351568, 0.04394796, 0.05729430, 0.01318853, 0.07551734, 0.03944252, 0.06523881, 0.02123407, 0.06260178, 0.09190927, 0.07442453, 0.02094265, 0.03862108, 0.04299205, 0.06525274, 0.05187006, 0.00976687, 0.03006717, 0.06699507},
{0.08290295, 0.05448817, 0.04023928, 0.05240199, 0.01273253, 0.06462484, 0.03835016, 0.07399860, 0.02313485, 0.06256699, 0.09747340, 0.05649358, 0.02532216, 0.04103076, 0.04633877, 0.06389399, 0.05210677, 0.01082403, 0.03087968, 0.07019651},
{0.07668579, 0.05183336, 0.04140382, 0.05377939, 0.01401407, 0.06219564, 0.03681876, 0.07108909, 0.02328564, 0.06326009, 0.10074795, 0.05637353, 0.02271061, 0.04645718, 0.04666313, 0.06472781, 0.05333999, 0.01214711, 0.03262515, 0.06984190},
{0.08513805, 0.05557833, 0.03862029, 0.05403667, 0.01430566, 0.06592981, 0.04099610, 0.07198312, 0.02293496, 0.05388378, 0.09271074, 0.05477374, 0.02137704, 0.03770294, 0.05973009, 0.06850421, 0.05507544, 0.01119642, 0.02862417, 0.06689843},
{0.08020039, 0.05355286, 0.04168624, 0.05310303, 0.01463907, 0.06514048, 0.03964548, 0.06780987, 0.02222615, 0.05782805, 0.09735190, 0.05627727, 0.02108758, 0.03897621, 0.04866802, 0.07950384, 0.05533845, 0.01098971, 0.02894716, 0.06702824},
{0.08494817, 0.05418314, 0.04031284, 0.05300104, 0.01354886, 0.06422587, 0.03916094, 0.07203597, 0.02294325, 0.05922172, 0.09655525, 0.05639624, 0.02198333, 0.03871838, 0.04692765, 0.06695168, 0.05827378, 0.01110744, 0.03036555, 0.06913890},
{0.07995568, 0.05745475, 0.03784779, 0.05237862, 0.01581633, 0.06142726, 0.03822140, 0.07192658, 0.02504981, 0.05855000, 0.10002571, 0.05389566, 0.02182401, 0.04282659, 0.05284513, 0.06274226, 0.05038376, 0.01698827, 0.03240297, 0.06743741},
{0.07476739, 0.05445037, 0.04386784, 0.05663411, 0.01443943, 0.06558153, 0.03776315, 0.07183390, 0.02459868, 0.06141626, 0.09341509, 0.05923856, 0.02280162, 0.04233083, 0.04750442, 0.06388475, 0.05277445, 0.01224142, 0.03412328, 0.06633292},
{0.08430380, 0.05487646, 0.03983207, 0.05539975, 0.01303379, 0.06683316, 0.03716145, 0.07928561, 0.02285095, 0.05859475, 0.09527447, 0.05613667, 0.02150778, 0.03814585, 0.04801694, 0.06313168, 0.05366279, 0.01095588, 0.02967062, 0.07132550},
},{
{0.09528839, 0.05703119, 0.03659242, 0.05401857, 0.01245977, 0.06604473, 0.03858519, 0.07624796, 0.02225831, 0.05715391, 0.09805596, 0.05468261, 0.02138192, 0.03644221, 0.04834252, 0.06153003, 0.05295017, 0.01080000, 0.02709340, 0.07304074},
{0.08520495, 0.06497790, 0.03771764, 0.05484676, 0.01364463, 0.06975616, 0.04004428, 0.07148523, 0.02362424, 0.05564431, 0.09678414, 0.05578560, 0.02109294, 0.03703218, 0.04819288, 0.06322346, 0.05131228, 0.01106110, 0.02876514, 0.06980420},
{0.07364461, 0.05040782, 0.05380035, 0.05642512, 0.01418753, 0.06648079, 0.04019226, 0.06741083, 0.02336521, 0.06313355, 0.09564391, 0.06217257, 0.02121415, 0.03896141, 0.04372609, 0.06894540, 0.05474168, 0.01051823, 0.03062199, 0.06440650},
{0.08411061, 0.05685504, 0.04094543, 0.05961956, 0.01348248, 0.07192956, 0.03880725, 0.07086784, 0.02298243, 0.05809522, 0.09494354, 0.05855648, 0.02138630, 0.03757967, 0.04442920, 0.06390071, 0.05258103, 0.01041612, 0.03042714, 0.06808437},
{0.07524493, 0.05717329, 0.04161068, 0.05505022, 0.02750040, 0.06462682, 0.03944869, 0.07111549, 0.02562321, 0.05363055, 0.09257347, 0.05756663, 0.02097088, 0.03829436, 0.04842499, 0.06881150, 0.05275634, 0.01306994, 0.03137034, 0.06513726},
