double a_4[4][20][20]={{
{0.10459792, 0.05655859, 0.03423284, 0.05331559, 0.01275634, 0.06759409, 0.03968180, 0.07535996, 0.02080334, 0.05712936, 0.10313127, 0.05492359, 0.02324304, 0.03593267, 0.04198417, 0.06122873, 0.05095632, 0.01015515, 0.02552483, 0.07089040}
{0.07959201, 0.06969680, 0.03854879, 0.05476383, 0.01314123, 0.07086560, 0.04214071, 0.06591466, 0.02482968, 0.05900851, 0.09874076, 0.05760426, 0.02208329, 0.04092667, 0.04476924, 0.05983095, 0.04755110, 0.01151804, 0.03116696, 0.06730691}
{0.07329850, 0.04866477, 0.05522182, 0.05018510, 0.01413033, 0.06073376, 0.03860377, 0.06993125, 0.02203035, 0.06794710, 0.09438750, 0.05947696, 0.02153781, 0.04082220, 0.05582041, 0.06536719, 0.05086422, 0.01167711, 0.03277637, 0.06652347}
{0.08133793, 0.05064242, 0.03752648, 0.05730949, 0.01313151, 0.07323916, 0.03266202, 0.07079671, 0.02078900, 0.06684025, 0.09998038, 0.05425134, 0.02166092, 0.04371610, 0.04725038, 0.06017127, 0.04862919, 0.01286543, 0.03428971, 0.07291031}
{0.06827725, 0.05666206, 0.04060284, 0.05448603, 0.02308639, 0.05786712, 0.03888817, 0.08883329, 0.02779843, 0.05299338, 0.09245109, 0.05125421, 0.01786511, 0.04084634, 0.05445587, 0.07475409, 0.05109326, 0.01243615, 0.03204231, 0.06330664}
{0.08556257, 0.05918779, 0.04362814, 0.05476482, 0.01139316, 0.08495355, 0.04249008, 0.06146745, 0.02125227, 0.06452349, 0.09728412, 0.07051343, 0.02375957, 0.03474013, 0.03498231, 0.05296582, 0.05047836, 0.01021019, 0.02712539, 0.06871735}
{0.08842709, 0.06056624, 0.03900989, 0.04572801, 0.01261320, 0.06624955, 0.06081762, 0.06375810, 0.02441300, 0.05800574, 0.10166531, 0.05823362, 0.02320325, 0.03553669, 0.04745372, 0.05766326, 0.04993831, 0.01157812, 0.02803855, 0.06710072}
{0.07900762, 0.05668941, 0.03637127, 0.05277280, 0.01439444, 0.06235409, 0.03649069, 0.08100952, 0.02418468, 0.06243112, 0.09187164, 0.06230753, 0.02361878, 0.04171474, 0.03888631, 0.06582187, 0.05469533, 0.01212556, 0.03127527, 0.07197733}
{0.07290819, 0.05740989, 0.03821037, 0.04658251, 0.01684648, 0.05312128, 0.04191044, 0.07591410, 0.03297006, 0.06073903, 0.10313217, 0.04661149, 0.02001070, 0.04471058, 0.06148429, 0.06480249, 0.05201582, 0.01184660, 0.03459266, 0.06418087}
{0.08386284, 0.05254558, 0.04525226, 0.06244179, 0.01476613, 0.06975090, 0.03535901, 0.06960603, 0.02233238, 0.06145141, 0.08952406, 0.05924652, 0.01875558, 0.03710635, 0.04841231, 0.06755334, 0.05674179, 0.00929973, 0.02898825, 0.06700375}
{0.08760802, 0.05768583, 0.04076851, 0.05604711, 0.01367579, 0.06697444, 0.04031764, 0.06850593, 0.02307808, 0.05374915, 0.09846480, 0.05959383, 0.02040174, 0.03732420, 0.05096552, 0.06942505, 0.05441653, 0.01002886, 0.02620931, 0.06475965}
{0.07980727, 0.05686055, 0.04591548, 0.05519960, 0.01149021, 0.07789289, 0.03979171, 0.06228598, 0.02077478, 0.06262484, 0.09189909, 0.07604422, 0.02119719, 0.03232353, 0.04420970, 0.06002764, 0.05429768, 0.00955853, 0.03042412, 0.06737497}
{0.08875313, 0.05457177, 0.04221438, 0.05581627, 0.01222772, 0.06561366, 0.03962589, 0.07357617, 0.02234988, 0.05661841, 0.09671443, 0.05972122, 0.02768502, 0.03523366, 0.04819640, 0.06096259, 0.05361919, 0.00867024, 0.02565673, 0.07217326}
{0.07422855, 0.04922187, 0.04298604, 0.06241308, 0.01693803, 0.06248099, 0.03505212, 0.07519085, 0.02356745, 0.06024184, 0.09554342, 0.05260368, 0.02031634, 0.04336514, 0.04340137, 0.07526452, 0.05592940, 0.01190738, 0.03255774, 0.06679021}
{0.08157708, 0.04854441, 0.03711840, 0.05503350, 0.01230049, 0.07675177, 0.04035965, 0.07636532, 0.02321999, 0.05060574, 0.09095462, 0.04967463, 0.01960592, 0.03912202, 0.05806926, 0.07084263, 0.05431557, 0.01129110, 0.02976856, 0.07447934}
{0.07424887, 0.05349539, 0.04003750, 0.05196500, 0.01466605, 0.05916590, 0.03894811, 0.07691310, 0.02307645, 0.05647101, 0.09755922, 0.05398292, 0.02064335, 0.04098941, 0.05051526, 0.08607994, 0.05516017, 0.01151850, 0.02903307, 0.06553081}
{0.08113996, 0.04980219, 0.03771620, 0.05171573, 0.01434061, 0.05919361, 0.03531827, 0.07783353, 0.02263919, 0.05982686, 0.10214076, 0.04994103, 0.02021861, 0.03943130, 0.05749738, 0.06753993, 0.06029336, 0.01114901, 0.02789727, 0.07436522}
{0.07141418, 0.06047721, 0.04516175, 0.05567194, 0.01542620, 0.05762998, 0.04890340, 0.06406584, 0.02496212, 0.05858618, 0.11169794, 0.05698221, 0.02476774, 0.04237392, 0.03859805, 0.06264959, 0.04965288, 0.01583444, 0.03082958, 0.06431487}
{0.07077796, 0.05846942, 0.04363024, 0.05832818, 0.01648659, 0.06166126, 0.04253203, 0.07500049, 0.02506739, 0.05747364, 0.09734123, 0.05307886, 0.01944627, 0.04477168, 0.04523156, 0.06613472, 0.05250805, 0.01224900, 0.03502356, 0.06478788}
{0.08559512, 0.05350517, 0.03942670, 0.05832872, 0.01433795, 0.06910077, 0.03433048, 0.06658177, 0.02074169, 0.06132685, 0.09611054, 0.05695199, 0.02188161, 0.03756888, 0.04745529, 0.06548169, 0.05781962, 0.01015817, 0.02712306, 0.07617390}
},{
{0.10474388, 0.06008076, 0.03491368, 0.04909345, 0.01303300, 0.06674706, 0.03985222, 0.07496488, 0.02165721, 0.05794037, 0.10113276, 0.05629270, 0.02249474, 0.03547138, 0.04202478, 0.06055440, 0.05048320, 0.00994860, 0.02677388, 0.07179705}
{0.08539122, 0.06947785, 0.03486987, 0.04664804, 0.01345317, 0.06191006, 0.03934384, 0.07425454, 0.02453418, 0.06061561, 0.10881230, 0.05531475, 0.02298140, 0.04004851, 0.04362819, 0.05845804, 0.04782300, 0.01254320, 0.03048630, 0.06940594}
{0.06829094, 0.04847586, 0.05538243, 0.05518912, 0.01324732, 0.06290687, 0.03818394, 0.06049102, 0.02192969, 0.06873191, 0.10129040, 0.06117734, 0.02090174, 0.04197295, 0.04777992, 0.06738631, 0.05691172, 0.01101349, 0.03220046, 0.06653655}
{0.07954200, 0.04913150, 0.03867785, 0.06082556, 0.01294729, 0.06913088, 0.03549822, 0.05891634, 0.02060953, 0.06945351, 0.10606809, 0.05460450, 0.02176812, 0.04111056, 0.04473024, 0.06342732, 0.05089768, 0.01109255, 0.03138438, 0.08018385}
{0.07582377, 0.05445145, 0.04441774, 0.05315673, 0.02506144, 0.06359975, 0.03881068, 0.07254547, 0.02533495, 0.05590462, 0.08770902, 0.05792139, 0.02040845, 0.03980436, 0.05027907, 0.07102176, 0.05184956, 0.01133031, 0.03015054, 0.07041892}
{0.08309636, 0.05271791, 0.03469198, 0.05078963, 0.01349120, 0.07633172, 0.03752111, 0.06690791, 0.01933059, 0.06890336, 0.11232473, 0.05964329, 0.02470271, 0.04137260, 0.03935083, 0.05514233, 0.04792303, 0.01085334, 0.03042346, 0.07448192}
{0.08160724, 0.05631691, 0.03702081, 0.04561154, 0.01300181, 0.06422049, 0.05517945, 0.06455410, 0.02305568, 0.06390022, 0.11437433, 0.05503912, 0.02336526, 0.03911407, 0.04503792, 0.05960611, 0.04770414, 0.01152665, 0.02944106, 0.07032310}
{0.07950568, 0.05409254, 0.03686619, 0.05471041, 0.01422836, 0.05705644, 0.03317131, 0.08513487, 0.02110119, 0.06158522, 0.08938983, 0.05373049, 0.02224849, 0.03783616, 0.05421917, 0.06775086, 0.06031092, 0.01107739, 0.02941600, 0.07656847}
{0.07573520, 0.05499777, 0.04012811, 0.05955348, 0.01465608, 0.06129521, 0.03925850, 0.07280097, 0.03247092, 0.05909346, 0.10309204, 0.05057350, 0.02083418, 0.04128798, 0.04952704, 0.06289182, 0.04958568, 0.01211068, 0.03065616, 0.06945122}
{0.08334683, 0.05633247, 0.04797961, 0.06071200, 0.01307511, 0.07404520, 0.04093393, 0.07365110, 0.02369898, 0.05421707, 0.08195023, 0.06306163, 0.01921408, 0.03664078, 0.04587179, 0.06791511, 0.05621718, 0.00945697, 0.02803532, 0.06364460}
{0.08653241, 0.05911354, 0.04389523, 0.06093523, 0.01329640, 0.07673524, 0.04407133, 0.07107462, 0.02384011, 0.05043023, 0.08983055, 0.06299323, 0.01942210, 0.03510950, 0.04736224, 0.06676283, 0.05080238, 0.01047824, 0.02639525, 0.06091935}
{0.07612409, 0.05334805, 0.04104302, 0.04773550, 0.01290356, 0.06491960, 0.03698454, 0.06792800, 0.02148463, 0.07037488, 0.10527610, 0.07239377, 0.02265892, 0.04207841, 0.03973942, 0.05956782, 0.05104724, 0.01109042, 0.03304883, 0.07025319}
{0.08382279, 0.05814007, 0.04085531, 0.05780556, 0.01352054, 0.07464180, 0.04296482, 0.07165457, 0.02379469, 0.05420847, 0.08929487, 0.06082636, 0.02554094, 0.03955516, 0.04414059, 0.06267743, 0.05136954, 0.01096516, 0.02967108, 0.06455025}
{0.07570882, 0.05501801, 0.04733015, 0.06158980, 0.01461614, 0.06857310, 0.04116908, 0.07389248, 0.02501716, 0.05422369, 0.08568705, 0.06110515, 0.01971562, 0.04003543, 0.04960336, 0.06861818, 0.05418559, 0.01120648, 0.02956961, 0.06313509}
{0.07980549, 0.05063695, 0.03587731, 0.05190891, 0.01419632, 0.06097529, 0.03797343, 0.07389602, 0.02468283, 0.05640781, 0.09360973, 0.04835717, 0.02183246, 0.03952424, 0.06750535, 0.07092970, 0.05895524, 0.01223276, 0.03019186, 0.07050113}
{0.07702760, 0.05146656, 0.04079381, 0.05287525, 0.01439960, 0.06403764, 0.03727240, 0.06914037, 0.02159009, 0.05929231, 0.09979400, 0.05377497, 0.02080026, 0.03991175, 0.05061794, 0.08529806, 0.05549424, 0.01146219, 0.02993843, 0.06501255}
{0.08305452, 0.05334879, 0.04074025, 0.05436729, 0.01339915, 0.07088255, 0.03773153, 0.06768186, 0.02266300, 0.05751156, 0.09431344, 0.05734717, 0.02091351, 0.03805216, 0.04960598, 0.07055687, 0.06389672, 0.01049725, 0.02812161, 0.06531480}
{0.07633668, 0.06038871, 0.04358922, 0.05918708, 0.01591277, 0.06814125, 0.04403924, 0.07171855, 0.02450874, 0.05007687, 0.08852802, 0.06165979, 0.02137575, 0.03900962, 0.05115434, 0.06499638, 0.05230840, 0.01665772, 0.02914543, 0.06126543}
{0.07266292, 0.05607214, 0.04693290, 0.06074218, 0.01651935, 0.06535993, 0.04128587, 0.07114861, 0.02665897, 0.05711471, 0.08974211, 0.06018500, 0.02021436, 0.04023283, 0.04903329, 0.06502789, 0.05353581, 0.01149208, 0.03312822, 0.06291083}
{0.08976313, 0.05554885, 0.04048525, 0.06048353, 0.01394785, 0.07161356, 0.03721279, 0.07645447, 0.02232431, 0.05488360, 0.08738625, 0.05600922, 0.02072205, 0.03713197, 0.04586622, 0.06521077, 0.05424065, 0.00972218, 0.02691048, 0.07408286}
},{
{0.10374670, 0.05826807, 0.03598185, 0.05213786, 0.01263113, 0.06672246, 0.03945191, 0.07339902, 0.02214411, 0.05781473, 0.10051301, 0.05381377, 0.02205902, 0.03601325, 0.04574195, 0.06082197, 0.05153085, 0.01012176, 0.02661713, 0.07046947}
{0.08544014, 0.06899948, 0.03626012, 0.05566139, 0.01228270, 0.07045606, 0.04143984, 0.07250784, 0.02256002, 0.05554724, 0.09861710, 0.05688477, 0.02143708, 0.03810389, 0.04440487, 0.06354231, 0.04956232, 0.01104203, 0.02799596, 0.06725484}
{0.06813164, 0.05181054, 0.05544227, 0.05438152, 0.01299174, 0.06300197, 0.03808526, 0.06320155, 0.02177196, 0.06748899, 0.09760451, 0.06453972, 0.02021348, 0.04160254, 0.04354559, 0.06770112, 0.05512197, 0.01105445, 0.03244019, 0.06986897}
{0.07928604, 0.06080886, 0.04062766, 0.05817982, 0.01209291, 0.06858693, 0.03610158, 0.06656649, 0.02170790, 0.06321852, 0.09319908, 0.06537319, 0.02005419, 0.03861235, 0.04237222, 0.06250425, 0.05655838, 0.01081285, 0.03008907, 0.07324771}
{0.07385286, 0.04727263, 0.04124155, 0.05121485, 0.05389000, 0.05429031, 0.03348752, 0.07508478, 0.02584009, 0.05630848, 0.09637254, 0.04798253, 0.02135127, 0.03945699, 0.05095781, 0.06686391, 0.05421357, 0.01208409, 0.03186739, 0.06636683}
{0.08301401, 0.06770779, 0.03888949, 0.05768581, 0.01146940, 0.08474716, 0.04292886, 0.06305215, 0.02007631, 0.05619341, 0.09042271, 0.07685326, 0.01931956, 0.03514101, 0.04297206, 0.05985948, 0.04873665, 0.00984061, 0.02703270, 0.06405758}
{0.08255267, 0.05844849, 0.04042013, 0.05371257, 0.01258716, 0.07208584, 0.05676540, 0.06390224, 0.02301395, 0.05742511, 0.09793427, 0.05878693, 0.02070973, 0.03675184, 0.04629198, 0.06481862, 0.05037202, 0.01091292, 0.02778316, 0.06472496}
{0.08340443, 0.05171751, 0.03423701, 0.04799391, 0.01408730, 0.05532228, 0.03210320, 0.08507884, 0.02321448, 0.06473820, 0.09531238, 0.04915695, 0.02183078, 0.04159364, 0.05121448, 0.06449316, 0.05738501, 0.01102524, 0.03052535, 0.08556584}
{0.07502554, 0.05795012, 0.04244836, 0.05449031, 0.01562854, 0.06497847, 0.04117097, 0.07024837, 0.03233642, 0.05603907, 0.09372761, 0.05305394, 0.02130778, 0.04026570, 0.04984494, 0.06660536, 0.05515321, 0.01187565, 0.03115726, 0.06669239}
{0.08278747, 0.04766472, 0.04540782, 0.05650127, 0.01366555, 0.06483863, 0.03585629, 0.07767542, 0.02293404, 0.06614908, 0.10049263, 0.05596924, 0.02261762, 0.03992360, 0.04316408, 0.06388015, 0.05356981, 0.01071178, 0.02974168, 0.06644911}
{0.08728836, 0.05397143, 0.03947776, 0.05291480, 0.01409551, 0.06711905, 0.04017951, 0.07052819, 0.02418962, 0.05885613, 0.10979767, 0.05565785, 0.02308767, 0.03934283, 0.04426700, 0.06404862, 0.05004095, 0.01137158, 0.02962406, 0.06414141}
{0.07356105, 0.05393964, 0.04359597, 0.05725491, 0.01138630, 0.08081111, 0.04109969, 0.06568124, 0.02020430, 0.06324004, 0.09368098, 0.07731322, 0.01917510, 0.03841577, 0.04249414, 0.06308509, 0.04933516, 0.00948339, 0.02889584, 0.06734707}
{0.08772090, 0.05256616, 0.04076161, 0.05437677, 0.01433047, 0.06464073, 0.03767607, 0.07294587, 0.02357888, 0.05816674, 0.10088087, 0.05338202, 0.02799350, 0.04030908, 0.04305619, 0.06404750, 0.05225407, 0.01163364, 0.03097775, 0.06870120}
{0.07662754, 0.05083177, 0.04370486, 0.05747052, 0.01397011, 0.06481975, 0.03707269, 0.06981765, 0.02436999, 0.05897663, 0.09996184, 0.05493933, 0.02380862, 0.04520641, 0.04849536, 0.06727289, 0.05289146, 0.01295713, 0.03202817, 0.06477730}
{0.08087859, 0.05605469, 0.03396232, 0.04953853, 0.01449409, 0.06248489, 0.03991329, 0.06616302, 0.02226175, 0.05897560, 0.09342287, 0.05245362, 0.02102135, 0.03792930, 0.06806402, 0.06894082, 0.05773432, 0.01175333, 0.02887969, 0.07507392}
{0.07594757, 0.05248250, 0.04304597, 0.05680117, 0.01376547, 0.06871270, 0.04080695, 0.06809419, 0.02257418, 0.05574374, 0.09227245, 0.05560554, 0.02004305, 0.03836553, 0.05155569, 0.08330935, 0.05648205, 0.01079225, 0.02882633, 0.06477333}
{0.08123880, 0.05254827, 0.04225247, 0.05664628, 0.01357037, 0.06845689, 0.04160820, 0.07263222, 0.02312762, 0.05759075, 0.08966912, 0.05424486, 0.02082706, 0.03775485, 0.05035847, 0.06951298, 0.06067588, 0.01085732, 0.02865778, 0.06776979}
{0.07745153, 0.05717558, 0.04313465, 0.05784617, 0.01392941, 0.06549815, 0.03904247, 0.07533681, 0.02447202, 0.04955935, 0.09448414, 0.05302812, 0.02214474, 0.04245500, 0.05349758, 0.06558489, 0.04983197, 0.01668231, 0.03204965, 0.06679548}
{0.07194168, 0.05246893, 0.04511507, 0.05974215, 0.01400492, 0.06731837, 0.03963463, 0.06821032, 0.02375968, 0.05986754, 0.09383434, 0.05853033, 0.02286080, 0.04120184, 0.04929685, 0.06667792, 0.05312199, 0.01157471, 0.03534468, 0.06549327}
{0.08901388, 0.05019093, 0.04021561, 0.05683594, 0.01390056, 0.06418267, 0.03505480, 0.08081748, 0.02289861, 0.05900413, 0.09703669, 0.05209948, 0.02299989, 0.03723672, 0.04672736, 0.06461176, 0.05472332, 0.01071407, 0.02844433, 0.07329179}
},{
{0.11477069, 0.05714116, 0.03386020, 0.05127323, 0.01246550, 0.06439306, 0.03752695, 0.08110705, 0.02168513, 0.05384455, 0.09705225, 0.05247506, 0.02089052, 0.03525601, 0.04562339, 0.06169947, 0.05088187, 0.01043279, 0.02694292, 0.07067822}
{0.08282235, 0.06819858, 0.03607489, 0.05545764, 0.01306535, 0.07816850, 0.04133571, 0.06856466, 0.02244547, 0.05756947, 0.09684793, 0.05565864, 0.02114547, 0.03600607, 0.04809555, 0.06281756, 0.04965981, 0.01104573, 0.02776634, 0.06725429}
{0.07307006, 0.05106503, 0.05520135, 0.05226024, 0.01324641, 0.06440232, 0.03991059, 0.06141551, 0.02248358, 0.06737680, 0.09307529, 0.06274987, 0.02168964, 0.04116369, 0.04256596, 0.06973693, 0.05564151, 0.01139718, 0.03232535, 0.06922270}
{0.08484343, 0.06031170, 0.04099635, 0.05797936, 0.01285756, 0.07111053, 0.03920704, 0.06122376, 0.02200188, 0.06256070, 0.09406881, 0.06040284, 0.02104729, 0.03992093, 0.04310065, 0.06204973, 0.05166769, 0.01116262, 0.03079887, 0.07268825}
{0.07181646, 0.04911960, 0.04308616, 0.05292434, 0.02847015, 0.05756716, 0.03618165, 0.09210564, 0.02695478, 0.05426489, 0.09542763, 0.04987728, 0.02154858, 0.04740930, 0.04748590, 0.06773527, 0.05147495, 0.01243927, 0.03135983, 0.06275114}
{0.08306377, 0.06564129, 0.04000792, 0.05538139, 0.01112314, 0.08394818, 0.04531143, 0.05821404, 0.02169183, 0.05641826, 0.09282070, 0.07571434, 0.01930590, 0.03510971, 0.04217516, 0.06118919, 0.04989226, 0.01005767, 0.02813498, 0.06479884}
{0.07977454, 0.05582322, 0.04205804, 0.06070990, 0.01183067, 0.07786003, 0.05658467, 0.06125410, 0.02357271, 0.05516085, 0.09570923, 0.05834631, 0.02060915, 0.03609224, 0.04588838, 0.06441716, 0.05148736, 0.01201269, 0.02747590, 0.06333287}
{0.08962971, 0.05606711, 0.03596267, 0.05227824, 0.01385420, 0.05963165, 0.03423281, 0.08456890, 0.02204483, 0.05846821, 0.09277656, 0.04850257, 0.02079521, 0.03962448, 0.04968077, 0.06771335, 0.05664689, 0.01118347, 0.02987907, 0.07645931}
{0.07537969, 0.05420626, 0.03856590, 0.05350005, 0.01439722, 0.06465530, 0.04139555, 0.06674530, 0.03472127, 0.05919324, 0.09937474, 0.05500180, 0.02262502, 0.03911245, 0.04932694, 0.06441868, 0.05380287, 0.01104943, 0.03019654, 0.07233174}
{0.07450100, 0.04981822, 0.04506279, 0.05656988, 0.01470204, 0.06325299, 0.03550196, 0.07420542, 0.02315058, 0.06807190, 0.10241741, 0.05985659, 0.02362176, 0.03997056, 0.04282845, 0.06331507, 0.05514945, 0.00994092, 0.02918062, 0.06888241}
{0.08034445, 0.05239769, 0.03951671, 0.05479273, 0.01461234, 0.06419212, 0.03915134, 0.07800335, 0.02284665, 0.06022969, 0.10789634, 0.05352713, 0.02260822, 0.04046457, 0.04789314, 0.06282397, 0.05047639, 0.01076490, 0.02963200, 0.06782627}
{0.07332676, 0.05136057, 0.04247385, 0.05863267, 0.01296565, 0.08572694, 0.03991039, 0.05929585, 0.02029371, 0.06519399, 0.09229474, 0.07548274, 0.01957331, 0.03810998, 0.04234852, 0.06387799, 0.05195708, 0.01010079, 0.02924935, 0.06782511}
{0.07988561, 0.05293376, 0.04108509, 0.05401080, 0.01340606, 0.06436175, 0.03906624, 0.07698311, 0.02355140, 0.06160070, 0.09973885, 0.05791671, 0.02651550, 0.04103250, 0.04505733, 0.06296706, 0.05240125, 0.01109252, 0.02970303, 0.06669075}
{0.07233906, 0.04990337, 0.04311921, 0.05552902, 0.01686444, 0.06034109, 0.03637882, 0.07302551, 0.02444523, 0.05865990, 0.10135379, 0.05641777, 0.02342490, 0.04805679, 0.04706044, 0.06630869, 0.05394749, 0.01203514, 0.03295314, 0.06783621}
{0.08601787, 0.05709282, 0.03595895, 0.05072164, 0.01269705, 0.06616315, 0.04038946, 0.07170353, 0.02286556, 0.05488379, 0.08834527, 0.05436137, 0.01954017, 0.03701194, 0.06750512, 0.06935364, 0.05553229, 0.01164880, 0.02884669, 0.06936091}
{0.08045676, 0.05432988, 0.04238035, 0.05213672, 0.01345895, 0.06183093, 0.03924516, 0.06716925, 0.02243990, 0.05752153, 0.09423342, 0.05775711, 0.02061150, 0.03921460, 0.05028543, 0.08475429, 0.05654029, 0.01102895, 0.02926160, 0.06534338}
{0.08231631, 0.05235251, 0.04173630, 0.05195963, 0.01378399, 0.06320377, 0.03769594, 0.06612844, 0.02261375, 0.06322348, 0.09893221, 0.05527028, 0.02335162, 0.03818458, 0.04965298, 0.06786535, 0.05963845, 0.01144344, 0.02873602, 0.07191096}
{0.07309519, 0.06084614, 0.04472710, 0.05446707, 0.01763004, 0.06234040, 0.04288436, 0.07848812, 0.02774094, 0.05137242, 0.09112676, 0.05346420, 0.02179161, 0.04211189, 0.04817500, 0.06526153, 0.05401917, 0.01627105, 0.03231217, 0.06187482}
{0.06738383, 0.05428904, 0.04545389, 0.05805569, 0.01614483, 0.06393765, 0.04000866, 0.06906437, 0.02401054, 0.06070762, 0.09582601, 0.06315587, 0.02282834, 0.04037845, 0.04657609, 0.06429659, 0.05318642, 0.01229236, 0.03482960, 0.06757416}
{0.08199727, 0.05229064, 0.04053512, 0.05920786, 0.01479322, 0.06466195, 0.03504823, 0.08040418, 0.02223106, 0.05950427, 0.10015876, 0.05349101, 0.02215940, 0.03688737, 0.04708775, 0.06266814, 0.05576807, 0.00988613, 0.02768424, 0.07353534}
}};

double lambda_4[4]={0.250000, 0.250000, 0.250000, 0.250000};

