double a_18[18][20][20]={{
{0.10421559, 0.05644224, 0.03450614, 0.05382841, 0.01277796, 0.06803935, 0.03977773, 0.07510498, 0.02092226, 0.05701791, 0.10243609, 0.05490883, 0.02350800, 0.03595810, 0.04175482, 0.06110576, 0.05100337, 0.01017284, 0.02580451, 0.07071511},
{0.07997128, 0.06869386, 0.03836464, 0.05528764, 0.01325152, 0.07144568, 0.04227096, 0.06623653, 0.02487709, 0.05880902, 0.09865885, 0.05673329, 0.02230862, 0.04112263, 0.04463696, 0.05971632, 0.04738141, 0.01151354, 0.03145714, 0.06726302},
{0.07355692, 0.04846386, 0.05537400, 0.05024281, 0.01420894, 0.06078152, 0.03850097, 0.07029545, 0.02199917, 0.06777564, 0.09421212, 0.05909734, 0.02175132, 0.04077267, 0.05580193, 0.06516146, 0.05072931, 0.01169060, 0.03288900, 0.06669496},
{0.08148772, 0.05066304, 0.03756439, 0.05754173, 0.01317344, 0.07345766, 0.03259206, 0.07091949, 0.02068639, 0.06676388, 0.09987225, 0.05409576, 0.02184444, 0.04346776, 0.04712777, 0.05990512, 0.04861409, 0.01287166, 0.03433090, 0.07302045},
{0.06813709, 0.05666816, 0.04116919, 0.05470696, 0.02273037, 0.05849196, 0.03897781, 0.08859387, 0.02824718, 0.05306636, 0.09118806, 0.05135883, 0.01807281, 0.04059375, 0.05451358, 0.07441097, 0.05132751, 0.01246988, 0.03239702, 0.06287864},
{0.08595618, 0.05917960, 0.04369824, 0.05518245, 0.01146624, 0.08509772, 0.04225046, 0.06161894, 0.02124831, 0.06419185, 0.09693669, 0.07010335, 0.02389723, 0.03467206, 0.03509417, 0.05288336, 0.05032627, 0.01024935, 0.02713603, 0.06881149},
{0.08861096, 0.06035053, 0.03902214, 0.04576642, 0.01264050, 0.06656639, 0.06065038, 0.06410287, 0.02436592, 0.05779114, 0.10129266, 0.05804484, 0.02340689, 0.03566292, 0.04740784, 0.05757178, 0.04977411, 0.01156485, 0.02804546, 0.06736141},
{0.07898859, 0.05635440, 0.03629898, 0.05329565, 0.01439073, 0.06293018, 0.03661902, 0.08081197, 0.02423401, 0.06245406, 0.09183407, 0.06164485, 0.02379244, 0.04186567, 0.03862496, 0.06546378, 0.05431338, 0.01224882, 0.03167100, 0.07216344},
{0.07324678, 0.05708931, 0.03834597, 0.04672973, 0.01697750, 0.05322421, 0.04202190, 0.07616700, 0.03315104, 0.06037935, 0.10292074, 0.04643700, 0.02023396, 0.04463261, 0.06083429, 0.06475354, 0.05199653, 0.01186533, 0.03496891, 0.06402431},
{0.08357291, 0.05226176, 0.04551403, 0.06305129, 0.01487314, 0.07029733, 0.03559629, 0.06927295, 0.02253092, 0.06066550, 0.08872619, 0.05896366, 0.01900287, 0.03691899, 0.04889835, 0.06764535, 0.05682871, 0.00936857, 0.02937371, 0.06663751},
{0.08756765, 0.05792214, 0.04107483, 0.05662825, 0.01364974, 0.06787855, 0.04058120, 0.06869303, 0.02333704, 0.05316325, 0.09648945, 0.05967977, 0.02059957, 0.03697201, 0.05113150, 0.06933028, 0.05430981, 0.00998388, 0.02651158, 0.06449646},
{0.08024180, 0.05609704, 0.04601840, 0.05583366, 0.01154882, 0.07864838, 0.03968878, 0.06262711, 0.02087160, 0.06202418, 0.09211984, 0.07503567, 0.02130941, 0.03244747, 0.04420510, 0.05964757, 0.05392915, 0.00958316, 0.03061688, 0.06750600},
{0.08894107, 0.05445848, 0.04204794, 0.05612136, 0.01225442, 0.06595890, 0.03955985, 0.07374189, 0.02248266, 0.05645030, 0.09646509, 0.05930741, 0.02772477, 0.03525999, 0.04845989, 0.06068890, 0.05333048, 0.00869759, 0.02589879, 0.07215023},
{0.07432522, 0.04936267, 0.04332761, 0.06236537, 0.01678440, 0.06285224, 0.03508816, 0.07521302, 0.02388135, 0.05986067, 0.09446560, 0.05260530, 0.02056147, 0.04327793, 0.04346811, 0.07502466, 0.05591090, 0.01193830, 0.03281870, 0.06686833},
{0.08096386, 0.04805989, 0.03726507, 0.05513611, 0.01232125, 0.07732199, 0.04060356, 0.07669277, 0.02323564, 0.05038813, 0.09055293, 0.04954085, 0.01973819, 0.03906362, 0.05818862, 0.07067204, 0.05423592, 0.01128099, 0.03003413, 0.07470445},
{0.07406686, 0.05310764, 0.04034047, 0.05246679, 0.01459289, 0.05942704, 0.03909386, 0.07707065, 0.02316322, 0.05644212, 0.09718803, 0.05383674, 0.02082620, 0.04082049, 0.05030277, 0.08582118, 0.05511762, 0.01157164, 0.02931739, 0.06542642},
{0.08099637, 0.04945308, 0.03793861, 0.05215463, 0.01441772, 0.05952238, 0.03520903, 0.07805514, 0.02267958, 0.05966995, 0.10146828, 0.04976273, 0.02048257, 0.03945508, 0.05745486, 0.06738959, 0.06003413, 0.01123773, 0.02819430, 0.07442423},
{0.07122979, 0.06067120, 0.04548096, 0.05634832, 0.01557547, 0.05829618, 0.04848931, 0.06342208, 0.02490833, 0.05831295, 0.11055987, 0.05681938, 0.02499169, 0.04233696, 0.03854482, 0.06287703, 0.04996315, 0.01579842, 0.03087127, 0.06450280},
{0.07085721, 0.05822905, 0.04381526, 0.05824187, 0.01646099, 0.06172923, 0.04245131, 0.07550720, 0.02526768, 0.05714353, 0.09680888, 0.05278864, 0.01968054, 0.04477347, 0.04516804, 0.06610207, 0.05254098, 0.01227316, 0.03505162, 0.06510924},
{0.08533185, 0.05355230, 0.03967135, 0.05880211, 0.01434225, 0.06962252, 0.03457152, 0.06648252, 0.02088838, 0.06089685, 0.09519235, 0.05672360, 0.02217632, 0.03750625, 0.04794985, 0.06530926, 0.05772054, 0.01025535, 0.02736227, 0.07564258}
},{
{0.10448043, 0.06005728, 0.03515361, 0.04938557, 0.01306909, 0.06728909, 0.03994406, 0.07514113, 0.02179384, 0.05774170, 0.10050411, 0.05622991, 0.02266491, 0.03552250, 0.04180471, 0.06030889, 0.05043778, 0.00996921, 0.02702123, 0.07148096},
{0.08534211, 0.06872804, 0.03488489, 0.04721496, 0.01345103, 0.06240629, 0.03951317, 0.07440150, 0.02477370, 0.06062603, 0.10866431, 0.05450837, 0.02320813, 0.03992105, 0.04360791, 0.05814997, 0.04772287, 0.01257626, 0.03063594, 0.06966347},
{0.06870555, 0.04800382, 0.05545261, 0.05554536, 0.01330664, 0.06314847, 0.03810762, 0.06039312, 0.02190704, 0.06852645, 0.10121598, 0.06071960, 0.02110577, 0.04179311, 0.04782459, 0.06713019, 0.05676400, 0.01109377, 0.03240996, 0.06684635},
{0.07973479, 0.04883481, 0.03871484, 0.06111562, 0.01303129, 0.06937428, 0.03542500, 0.05879099, 0.02049226, 0.06928939, 0.10601179, 0.05428853, 0.02197476, 0.04115018, 0.04472747, 0.06321081, 0.05062792, 0.01116192, 0.03153141, 0.08051196},
{0.07561482, 0.05449338, 0.04458684, 0.05346993, 0.02480430, 0.06417761, 0.03903007, 0.07266306, 0.02553344, 0.05574735, 0.08676790, 0.05799855, 0.02047019, 0.03932243, 0.05051308, 0.07070343, 0.05212124, 0.01129240, 0.03035520, 0.07033476},
{0.08339023, 0.05239671, 0.03469501, 0.05108632, 0.01357386, 0.07661154, 0.03741747, 0.06746808, 0.01929937, 0.06858777, 0.11209496, 0.05905726, 0.02488327, 0.04144523, 0.03924459, 0.05497588, 0.04769351, 0.01091353, 0.03060982, 0.07455561},
{0.08190983, 0.05615916, 0.03701073, 0.04598882, 0.01309468, 0.06429793, 0.05531791, 0.06515167, 0.02305199, 0.06339140, 0.11428679, 0.05441854, 0.02363252, 0.03908339, 0.04489222, 0.05951147, 0.04731287, 0.01155582, 0.02953000, 0.07040225},
{0.07949976, 0.05369901, 0.03704439, 0.05490089, 0.01422467, 0.05743553, 0.03303399, 0.08423538, 0.02118205, 0.06163348, 0.08937339, 0.05374111, 0.02239357, 0.03798241, 0.05443659, 0.06741886, 0.06030725, 0.01103477, 0.02979705, 0.07662585},
{0.07606085, 0.05488899, 0.04015828, 0.05967048, 0.01468364, 0.06165441, 0.03929049, 0.07309087, 0.03245269, 0.05925633, 0.10230394, 0.05004671, 0.02109523, 0.04110507, 0.04954032, 0.06297396, 0.04953701, 0.01209659, 0.03066602, 0.06942812},
{0.08312363, 0.05647221, 0.04809785, 0.06126984, 0.01305546, 0.07479426, 0.04111604, 0.07359553, 0.02383055, 0.05333761, 0.08071167, 0.06289746, 0.01942997, 0.03656123, 0.04598859, 0.06790361, 0.05624416, 0.00956250, 0.02849842, 0.06350941},
{0.08630538, 0.05916742, 0.04431434, 0.06156124, 0.01318567, 0.07754416, 0.04431047, 0.07138218, 0.02412642, 0.04992580, 0.08785534, 0.06309974, 0.01971712, 0.03490766, 0.04751143, 0.06658568, 0.05072503, 0.01054674, 0.02670786, 0.06052032},
{0.07635853, 0.05273793, 0.04112097, 0.04821814, 0.01300684, 0.06550315, 0.03698061, 0.06832536, 0.02134979, 0.06963401, 0.10540216, 0.07179836, 0.02298957, 0.04201828, 0.03979067, 0.05956186, 0.05058525, 0.01114539, 0.03323887, 0.07023425},
{0.08392321, 0.05811112, 0.04092414, 0.05781335, 0.01354403, 0.07508946, 0.04271574, 0.07146768, 0.02395128, 0.05415372, 0.08910231, 0.06044771, 0.02566993, 0.03972609, 0.04422575, 0.06256845, 0.05115287, 0.01108694, 0.02990393, 0.06442229},
{0.07561214, 0.05491179, 0.04763158, 0.06201936, 0.01467203, 0.06924025, 0.04132768, 0.07409908, 0.02513196, 0.05387016, 0.08476100, 0.06089660, 0.01989402, 0.03983756, 0.04953130, 0.06843420, 0.05402194, 0.01129941, 0.02983355, 0.06297440},
{0.07958510, 0.05007907, 0.03618951, 0.05228210, 0.01414228, 0.06114034, 0.03803246, 0.07404765, 0.02473406, 0.05640992, 0.09318921, 0.04824779, 0.02198645, 0.03962739, 0.06733464, 0.07096698, 0.05895047, 0.01223466, 0.03029908, 0.07052084},
{0.07684074, 0.05102011, 0.04102921, 0.05337414, 0.01443611, 0.06448671, 0.03735309, 0.06930503, 0.02177287, 0.05924410, 0.09916141, 0.05337745, 0.02104303, 0.03984164, 0.05055899, 0.08497995, 0.05545331, 0.01137633, 0.03018595, 0.06515984},
{0.08293311, 0.05325914, 0.04078072, 0.05483717, 0.01346348, 0.07137204, 0.03771278, 0.06793982, 0.02287863, 0.05722313, 0.09376652, 0.05715929, 0.02105498, 0.03789487, 0.04954089, 0.07016998, 0.06377121, 0.01050394, 0.02826758, 0.06547072},
{0.07596763, 0.06026430, 0.04375194, 0.05925387, 0.01578922, 0.06846421, 0.04403823, 0.07207450, 0.02475620, 0.05001589, 0.08761543, 0.06142133, 0.02140309, 0.03923241, 0.05162409, 0.06507802, 0.05225739, 0.01650545, 0.02943517, 0.06105161},
{0.07300723, 0.05617637, 0.04706329, 0.06089542, 0.01667293, 0.06548164, 0.04136519, 0.07108081, 0.02664836, 0.05690242, 0.08961109, 0.05992497, 0.02043490, 0.04011719, 0.04879826, 0.06501446, 0.05344494, 0.01151419, 0.03318757, 0.06265878},
{0.08973852, 0.05570320, 0.04074956, 0.06086619, 0.01393938, 0.07208613, 0.03742908, 0.07633159, 0.02252295, 0.05438678, 0.08641342, 0.05580478, 0.02087301, 0.03701311, 0.04600262, 0.06517765, 0.05426411, 0.00979519, 0.02725994, 0.07364278}
},{
{0.10345167, 0.05789522, 0.03633648, 0.05253404, 0.01264209, 0.06738240, 0.03951821, 0.07333713, 0.02230237, 0.05784637, 0.10002235, 0.05327439, 0.02231388, 0.03614624, 0.04558803, 0.06037564, 0.05143276, 0.01015134, 0.02689450, 0.07055490},
{0.08578175, 0.06809680, 0.03640719, 0.05645696, 0.01234946, 0.07103879, 0.04145302, 0.07298385, 0.02254795, 0.05511136, 0.09826720, 0.05658628, 0.02164931, 0.03803185, 0.04432824, 0.06331520, 0.04943956, 0.01103272, 0.02816436, 0.06695818},
{0.06821616, 0.05160148, 0.05564100, 0.05449464, 0.01317853, 0.06313371, 0.03807269, 0.06363099, 0.02176136, 0.06711538, 0.09758446, 0.06379586, 0.02032245, 0.04161173, 0.04357470, 0.06751683, 0.05505989, 0.01102643, 0.03270555, 0.06995616},
{0.07914406, 0.06073970, 0.04063108, 0.05847164, 0.01213915, 0.06872223, 0.03599928, 0.06656516, 0.02182475, 0.06335821, 0.09285754, 0.06503755, 0.02022550, 0.03874144, 0.04226282, 0.06237497, 0.05637140, 0.01083706, 0.03030591, 0.07339054},
{0.07399856, 0.04734593, 0.04132985, 0.05170350, 0.05274878, 0.05479979, 0.03366584, 0.07528177, 0.02606405, 0.05614444, 0.09564595, 0.04836224, 0.02162704, 0.03966705, 0.05104723, 0.06680064, 0.05376822, 0.01207324, 0.03210752, 0.06581837},
{0.08309428, 0.06764549, 0.03880107, 0.05793862, 0.01148860, 0.08488372, 0.04285194, 0.06327208, 0.02012913, 0.05610984, 0.09036432, 0.07659734, 0.01944305, 0.03522369, 0.04277877, 0.05979016, 0.04862769, 0.00978841, 0.02717377, 0.06399805},
{0.08262905, 0.05800011, 0.04039646, 0.05392351, 0.01269104, 0.07236154, 0.05678258, 0.06444541, 0.02306973, 0.05705209, 0.09770788, 0.05844939, 0.02096793, 0.03674480, 0.04628019, 0.06488947, 0.05013539, 0.01085903, 0.02793287, 0.06468153},
{0.08324813, 0.05150099, 0.03424109, 0.04829279, 0.01406276, 0.05573826, 0.03220186, 0.08418486, 0.02329088, 0.06502945, 0.09528182, 0.04858234, 0.02197599, 0.04168884, 0.05138146, 0.06419209, 0.05744427, 0.01103329, 0.03079548, 0.08583335},
{0.07482470, 0.05790642, 0.04255647, 0.05487898, 0.01572632, 0.06555327, 0.04112596, 0.07053414, 0.03214318, 0.05566575, 0.09354654, 0.05273216, 0.02139679, 0.04041650, 0.04990047, 0.06629937, 0.05504825, 0.01186460, 0.03128998, 0.06659015},
{0.08286902, 0.04776031, 0.04581874, 0.05681414, 0.01375018, 0.06533356, 0.03600416, 0.07752355, 0.02305461, 0.06530180, 0.09973273, 0.05574302, 0.02285375, 0.03979128, 0.04328198, 0.06385669, 0.05338522, 0.01083633, 0.02992213, 0.06636680},
{0.08718853, 0.05414408, 0.03990166, 0.05357195, 0.01401268, 0.06781213, 0.04030871, 0.07060743, 0.02441670, 0.05844774, 0.10820492, 0.05570509, 0.02337017, 0.03902991, 0.04431949, 0.06380916, 0.04986304, 0.01141362, 0.02991738, 0.06395560},
{0.07376868, 0.05339120, 0.04382679, 0.05798254, 0.01149357, 0.08183744, 0.04132771, 0.06620422, 0.02040670, 0.06226389, 0.09298736, 0.07686238, 0.01928854, 0.03808976, 0.04254354, 0.06317652, 0.04926966, 0.00955103, 0.02903134, 0.06669712},
{0.08770270, 0.05254219, 0.04080941, 0.05463813, 0.01442926, 0.06481353, 0.03774270, 0.07294478, 0.02369837, 0.05811143, 0.10051034, 0.05343977, 0.02798434, 0.04033062, 0.04280201, 0.06381337, 0.05217544, 0.01163070, 0.03115364, 0.06872728},
{0.07681860, 0.05086483, 0.04399037, 0.05802578, 0.01403275, 0.06537837, 0.03720460, 0.06996694, 0.02448426, 0.05821910, 0.09897039, 0.05501863, 0.02401690, 0.04480199, 0.04870386, 0.06694483, 0.05252836, 0.01312279, 0.03227470, 0.06463194},
{0.08093815, 0.05549204, 0.03375651, 0.04948270, 0.01462269, 0.06288722, 0.03993765, 0.06623340, 0.02237368, 0.05913109, 0.09298695, 0.05197374, 0.02136106, 0.03792202, 0.06804852, 0.06882378, 0.05775076, 0.01173063, 0.02913872, 0.07540868},
{0.07574219, 0.05204417, 0.04312646, 0.05717781, 0.01377503, 0.06918236, 0.04086369, 0.06838205, 0.02263116, 0.05556411, 0.09178008, 0.05501760, 0.02028280, 0.03841243, 0.05148426, 0.08323313, 0.05638727, 0.01082611, 0.02917957, 0.06490773},
{0.08136354, 0.05199782, 0.04253931, 0.05689471, 0.01352044, 0.06871865, 0.04150120, 0.07307680, 0.02312395, 0.05718889, 0.08910048, 0.05403771, 0.02106701, 0.03775232, 0.05037570, 0.06930711, 0.06064562, 0.01090872, 0.02897778, 0.06790226},
{0.07729628, 0.05704438, 0.04340406, 0.05855251, 0.01370647, 0.06530133, 0.03928644, 0.07612137, 0.02449244, 0.04900365, 0.09312105, 0.05315138, 0.02244968, 0.04235059, 0.05365738, 0.06583597, 0.05015091, 0.01677308, 0.03227894, 0.06602208},
{0.07198987, 0.05264500, 0.04538518, 0.06008452, 0.01408051, 0.06766430, 0.03972917, 0.06834987, 0.02369023, 0.05936264, 0.09328894, 0.05845558, 0.02300998, 0.04111462, 0.04920083, 0.06661696, 0.05270276, 0.01163343, 0.03556019, 0.06543541},
{0.08891337, 0.05010584, 0.04030539, 0.05722674, 0.01390368, 0.06473267, 0.03523493, 0.08050092, 0.02310603, 0.05877734, 0.09612484, 0.05213834, 0.02324237, 0.03707443, 0.04690255, 0.06437999, 0.05464732, 0.01082473, 0.02866865, 0.07318986}
},{
{0.11488832, 0.05678518, 0.03400089, 0.05166522, 0.01247285, 0.06485696, 0.03756524, 0.08112050, 0.02181957, 0.05383904, 0.09664945, 0.05226932, 0.02096697, 0.03513004, 0.04544325, 0.06146416, 0.05066696, 0.01048744, 0.02718947, 0.07071916},
{0.08268822, 0.06769460, 0.03633782, 0.05595094, 0.01290482, 0.07893269, 0.04161517, 0.06866104, 0.02243974, 0.05716260, 0.09653227, 0.05522363, 0.02142476, 0.03606941, 0.04795082, 0.06262750, 0.04948315, 0.01108296, 0.02808541, 0.06713244},
{0.07305840, 0.05075346, 0.05546631, 0.05263801, 0.01333091, 0.06470589, 0.03978650, 0.06203691, 0.02256263, 0.06684148, 0.09246118, 0.06240020, 0.02181233, 0.04111233, 0.04266612, 0.06948833, 0.05557763, 0.01146423, 0.03251906, 0.06931809},
{0.08491378, 0.05994551, 0.04102131, 0.05808982, 0.01287554, 0.07138474, 0.03916699, 0.06129470, 0.02206521, 0.06224904, 0.09394213, 0.06024018, 0.02121076, 0.04002350, 0.04307923, 0.06199853, 0.05155290, 0.01117331, 0.03096473, 0.07280810},
{0.07158285, 0.04885046, 0.04329274, 0.05333939, 0.02833748, 0.05793833, 0.03625320, 0.09194784, 0.02707176, 0.05434241, 0.09482340, 0.04976579, 0.02161662, 0.04749666, 0.04759023, 0.06746585, 0.05149739, 0.01245280, 0.03168166, 0.06265315},
{0.08307157, 0.06564282, 0.04000676, 0.05561519, 0.01113571, 0.08404943, 0.04525284, 0.05836786, 0.02173730, 0.05630519, 0.09278393, 0.07533613, 0.01946169, 0.03510719, 0.04204528, 0.06103223, 0.04987069, 0.01009561, 0.02826457, 0.06481798},
{0.07974664, 0.05545749, 0.04205640, 0.06107838, 0.01186922, 0.07796952, 0.05667977, 0.06170911, 0.02370214, 0.05498156, 0.09546774, 0.05805671, 0.02074260, 0.03609691, 0.04571610, 0.06425100, 0.05137314, 0.01206264, 0.02755814, 0.06342479},
{0.08965387, 0.05570493, 0.03605677, 0.05250758, 0.01389278, 0.05990846, 0.03435081, 0.08404351, 0.02207799, 0.05862641, 0.09275212, 0.04829701, 0.02091460, 0.03984161, 0.04963057, 0.06702248, 0.05676846, 0.01114723, 0.03009167, 0.07671113},
{0.07534215, 0.05407138, 0.03868574, 0.05381437, 0.01440584, 0.06470724, 0.04139814, 0.06670442, 0.03484034, 0.05894930, 0.09883827, 0.05448774, 0.02271327, 0.03915011, 0.04943651, 0.06440956, 0.05417990, 0.01107067, 0.03043435, 0.07236069},
{0.07450560, 0.04989385, 0.04526545, 0.05680912, 0.01469920, 0.06392307, 0.03553597, 0.07364023, 0.02332059, 0.06758768, 0.10165352, 0.05979016, 0.02394314, 0.03987385, 0.04300511, 0.06318148, 0.05512026, 0.00991556, 0.02939686, 0.06893932},
{0.07995107, 0.05245589, 0.03983522, 0.05521490, 0.01456909, 0.06482095, 0.03935939, 0.07819180, 0.02312100, 0.05997364, 0.10645465, 0.05372470, 0.02287874, 0.04023830, 0.04796684, 0.06253991, 0.05040399, 0.01079285, 0.02990237, 0.06760469},
{0.07331666, 0.05118917, 0.04259434, 0.05939151, 0.01307377, 0.08671247, 0.04011556, 0.05959409, 0.02026881, 0.06437447, 0.09158880, 0.07517317, 0.01978423, 0.03788903, 0.04258159, 0.06384494, 0.05183231, 0.01016387, 0.02931422, 0.06719701},
{0.08195109, 0.05218736, 0.04081060, 0.05541261, 0.01398505, 0.06583107, 0.03870251, 0.08160850, 0.02414581, 0.05858185, 0.09844857, 0.05437139, 0.02819841, 0.04089475, 0.04515874, 0.06209491, 0.04980938, 0.01136929, 0.03034459, 0.06609349},
{0.07200428, 0.05029809, 0.04339323, 0.05622785, 0.01684676, 0.06083263, 0.03653815, 0.07309251, 0.02439335, 0.05838404, 0.10028154, 0.05637300, 0.02364115, 0.04781412, 0.04703955, 0.06600838, 0.05376262, 0.01203656, 0.03331442, 0.06771778},
{0.08596213, 0.05653062, 0.03620154, 0.05096536, 0.01272887, 0.06632602, 0.04031837, 0.07172350, 0.02292391, 0.05478624, 0.08784270, 0.05409945, 0.01970387, 0.03708334, 0.06758457, 0.06926406, 0.05555440, 0.01175585, 0.02907398, 0.06957123},
{0.08050174, 0.05377471, 0.04262086, 0.05251723, 0.01354366, 0.06218781, 0.03919059, 0.06730753, 0.02256750, 0.05749211, 0.09369083, 0.05707951, 0.02082525, 0.03918289, 0.05016110, 0.08494136, 0.05641754, 0.01105171, 0.02953110, 0.06541498},
{0.08222272, 0.05193802, 0.04189306, 0.05222658, 0.01375599, 0.06361384, 0.03759650, 0.06634822, 0.02274682, 0.06310082, 0.09842859, 0.05486147, 0.02363481, 0.03822251, 0.04945711, 0.06785675, 0.05971233, 0.01156850, 0.02908836, 0.07172701},
{0.07303139, 0.06108994, 0.04514202, 0.05497754, 0.01764954, 0.06272689, 0.04307164, 0.07850895, 0.02758429, 0.05101944, 0.08946803, 0.05357014, 0.02186830, 0.04187503, 0.04841740, 0.06544840, 0.05424299, 0.01613058, 0.03256278, 0.06161470},
{0.06727576, 0.05433477, 0.04567981, 0.05821676, 0.01621333, 0.06402763, 0.04013213, 0.06905591, 0.02402957, 0.06049357, 0.09523299, 0.06317809, 0.02299919, 0.04006445, 0.04676264, 0.06436675, 0.05301699, 0.01234877, 0.03494759, 0.06762332},
{0.08180823, 0.05206628, 0.04066357, 0.05962168, 0.01475356, 0.06516579, 0.03516340, 0.07972322, 0.02226331, 0.05956270, 0.09972607, 0.05354424, 0.02235550, 0.03691684, 0.04721278, 0.06255584, 0.05566614, 0.00983067, 0.02794935, 0.07345082}
},{
{0.09850894, 0.05647851, 0.03618450, 0.05360171, 0.01237120, 0.06637473, 0.03916852, 0.07582179, 0.02229742, 0.05724018, 0.10113024, 0.05427688, 0.02233815, 0.03615678, 0.04563077, 0.06126857, 0.05136117, 0.01079498, 0.02708466, 0.07191030},
{0.08429720, 0.06628004, 0.03819630, 0.05441391, 0.01376982, 0.07049005, 0.04013182, 0.07168437, 0.02442167, 0.05485584, 0.09876950, 0.05617868, 0.02150395, 0.03658491, 0.04594871, 0.06296597, 0.05165987, 0.01098915, 0.02911762, 0.06774062},
{0.07377800, 0.04990658, 0.05321996, 0.05431411, 0.01417721, 0.06451044, 0.04045804, 0.06023028, 0.02297105, 0.06713764, 0.09752512, 0.05993394, 0.02146587, 0.04191321, 0.04385424, 0.06801186, 0.05475755, 0.01125273, 0.03176916, 0.06881300},
{0.08284906, 0.05579258, 0.03744695, 0.05608310, 0.01394410, 0.07006920, 0.03743439, 0.06501647, 0.02222402, 0.06374392, 0.10094205, 0.05527473, 0.02334695, 0.04024391, 0.04319511, 0.06147678, 0.05326102, 0.01172935, 0.03164325, 0.07428304},
{0.07370501, 0.05471419, 0.04182238, 0.05457410, 0.02971123, 0.06361108, 0.03714618, 0.07626341, 0.02568971, 0.05429588, 0.08960132, 0.05820235, 0.02084408, 0.03682335, 0.05054201, 0.06931134, 0.05446727, 0.01186227, 0.03053064, 0.06628219},
{0.08436528, 0.05511957, 0.03690392, 0.05465923, 0.01373269, 0.07769732, 0.03883255, 0.06130405, 0.02136457, 0.06384841, 0.10641314, 0.06046521, 0.02220125, 0.04047122, 0.04153556, 0.05915798, 0.04922272, 0.01064072, 0.03124151, 0.07082308},
{0.08365638, 0.05539068, 0.03926629, 0.05044141, 0.01309303, 0.06833559, 0.05176531, 0.06298183, 0.02343566, 0.05882599, 0.10346212, 0.05689406, 0.02230817, 0.03870281, 0.04610747, 0.06424989, 0.05182472, 0.01154179, 0.03012377, 0.06759304},
{0.08449297, 0.05383758, 0.03671200, 0.05448441, 0.01442016, 0.06110322, 0.03543521, 0.08015348, 0.02258092, 0.06201938, 0.09639794, 0.04838503, 0.02358921, 0.03992754, 0.04734306, 0.06379380, 0.05548422, 0.01158069, 0.02952296, 0.07873620},
{0.08066241, 0.05516191, 0.03941994, 0.05560708, 0.01447762, 0.06481003, 0.04105830, 0.06837612, 0.03029903, 0.05756106, 0.09445513, 0.05369070, 0.02096250, 0.03844591, 0.05027142, 0.06646707, 0.05691966, 0.01214680, 0.03041416, 0.06879316},
{0.07790246, 0.05255741, 0.04725467, 0.05875851, 0.01300303, 0.06991876, 0.03769218, 0.07888353, 0.02236008, 0.06034341, 0.08829474, 0.06433189, 0.02094706, 0.03870744, 0.04713394, 0.06639807, 0.05311100, 0.00973875, 0.02850182, 0.06416128},
{0.08326086, 0.05692874, 0.04166573, 0.05645129, 0.01313127, 0.06976558, 0.04169405, 0.07396526, 0.02267399, 0.05776197, 0.09427155, 0.05971743, 0.02060919, 0.03798696, 0.04844988, 0.06543564, 0.05177949, 0.01058061, 0.02826447, 0.06560605},
{0.07575936, 0.05374720, 0.04376400, 0.05379505, 0.01307881, 0.07268645, 0.03831831, 0.06245020, 0.02140640, 0.06503858, 0.09713976, 0.07332721, 0.02141037, 0.03915047, 0.04191946, 0.06387082, 0.05167192, 0.01037185, 0.03160945, 0.06948436},
{0.08475919, 0.05568484, 0.04073091, 0.05391468, 0.01320968, 0.06972204, 0.03986875, 0.07721956, 0.02327872, 0.05750434, 0.09351581, 0.05744304, 0.02559707, 0.03943070, 0.04637853, 0.06457252, 0.05159308, 0.01072911, 0.02814941, 0.06669801},
{0.07571116, 0.05256895, 0.04539935, 0.05824974, 0.01416681, 0.06639628, 0.03773170, 0.07389978, 0.02433880, 0.05831742, 0.09256520, 0.05915844, 0.02134117, 0.04338690, 0.04935796, 0.06673325, 0.05347611, 0.01146197, 0.03104028, 0.06469871},
{0.08556446, 0.05480572, 0.03554697, 0.05160659, 0.01396195, 0.06482908, 0.03961084, 0.06914535, 0.02307583, 0.05652673, 0.09443212, 0.05132192, 0.02103537, 0.03730036, 0.06302385, 0.06946765, 0.05517482, 0.01200787, 0.03019948, 0.07136304},
{0.07852115, 0.05294275, 0.04150033, 0.05285133, 0.01466149, 0.06471462, 0.04018694, 0.06578866, 0.02273444, 0.05886753, 0.09870095, 0.05596475, 0.02159636, 0.03887280, 0.04953356, 0.07836461, 0.05627558, 0.01129566, 0.02919301, 0.06743348},
{0.08341341, 0.05427243, 0.04040089, 0.05474749, 0.01355672, 0.06652557, 0.03839121, 0.06978183, 0.02282957, 0.05911494, 0.09694974, 0.05608444, 0.02193096, 0.03831068, 0.04705795, 0.06830421, 0.05917326, 0.01083982, 0.02936857, 0.06894632},
{0.07779024, 0.05491575, 0.04108856, 0.05607900, 0.01542790, 0.06443358, 0.04275938, 0.07704370, 0.02400910, 0.05385470, 0.09523457, 0.05587262, 0.02122539, 0.04199902, 0.05316495, 0.06522504, 0.05257493, 0.01422070, 0.03038477, 0.06269611},
{0.07399639, 0.05457665, 0.04614737, 0.06081874, 0.01528336, 0.06930583, 0.03965901, 0.07378885, 0.02428188, 0.05820821, 0.08914910, 0.06190325, 0.02021542, 0.04055121, 0.04704269, 0.06584181, 0.05196758, 0.01104477, 0.03354152, 0.06267636},
{0.08609239, 0.05616502, 0.04152799, 0.05984793, 0.01294654, 0.06969103, 0.03786521, 0.08343204, 0.02246354, 0.05357506, 0.08813295, 0.05850843, 0.02099877, 0.03604482, 0.04889388, 0.06505393, 0.05347335, 0.01010931, 0.02699055, 0.06818727}
},{
{0.09832727, 0.05718223, 0.03694379, 0.05439976, 0.01210904, 0.06806162, 0.03955020, 0.07463899, 0.02214239, 0.05535049, 0.09759854, 0.05515379, 0.02185328, 0.03615081, 0.04837533, 0.06238937, 0.05275362, 0.01007812, 0.02636155, 0.07057981},
{0.08513840, 0.06448920, 0.03694732, 0.05426741, 0.01378401, 0.06871934, 0.03855449, 0.07342368, 0.02322019, 0.05707634, 0.09790613, 0.05503976, 0.02171154, 0.03761288, 0.04864474, 0.06301435, 0.05073250, 0.01117618, 0.02863439, 0.06990714},
{0.07542057, 0.04852249, 0.05388460, 0.05441158, 0.01412384, 0.06477732, 0.03880580, 0.06444753, 0.02182974, 0.06648674, 0.09658538, 0.06080390, 0.02139735, 0.04171806, 0.04291690, 0.06758966, 0.05364233, 0.01088218, 0.03208235, 0.06967169},
{0.08104047, 0.05631472, 0.03888536, 0.05988034, 0.01389368, 0.06959508, 0.03834760, 0.06776061, 0.02184823, 0.06335803, 0.09969962, 0.05618862, 0.02141891, 0.04039394, 0.04386859, 0.06166270, 0.05170273, 0.01130899, 0.03116063, 0.07167115},
{0.07768457, 0.05435498, 0.04189709, 0.05442462, 0.03007618, 0.06429351, 0.03808538, 0.07531233, 0.02462820, 0.05072795, 0.08759767, 0.05522007, 0.02097261, 0.03900525, 0.05331695, 0.07032643, 0.05429277, 0.01233308, 0.03209746, 0.06335291},
{0.08151087, 0.05629048, 0.03817571, 0.05509843, 0.01331957, 0.07701902, 0.03898619, 0.06625286, 0.02139860, 0.06326167, 0.10384424, 0.06148106, 0.02201207, 0.03874216, 0.04303836, 0.05971720, 0.04904325, 0.01058072, 0.02894463, 0.07128290},
{0.08203986, 0.05613829, 0.03940761, 0.05103542, 0.01388089, 0.06708368, 0.05194180, 0.06689412, 0.02363020, 0.05874365, 0.10377231, 0.05649512, 0.02186533, 0.03805720, 0.04719300, 0.06317950, 0.05112896, 0.01154679, 0.02931563, 0.06665065},
{0.08741262, 0.05353677, 0.03608767, 0.05377016, 0.01532662, 0.06193311, 0.03594068, 0.08352776, 0.02255581, 0.06102060, 0.09457319, 0.05166629, 0.02301842, 0.03810961, 0.04630524, 0.06408464, 0.05447697, 0.01170881, 0.02893187, 0.07601315},
{0.07905479, 0.05591531, 0.04119193, 0.05282882, 0.01622785, 0.06480996, 0.03978346, 0.07107918, 0.02836504, 0.05852349, 0.09738790, 0.05273164, 0.02233534, 0.04002321, 0.04844309, 0.06498564, 0.05300331, 0.01206319, 0.03215187, 0.06909497},
{0.07880186, 0.05324219, 0.04606985, 0.05804697, 0.01227190, 0.07123199, 0.03830550, 0.07312152, 0.02334291, 0.06107273, 0.09172995, 0.06398561, 0.02095101, 0.03869865, 0.04437060, 0.06499365, 0.05343621, 0.01000754, 0.02972841, 0.06659096},
{0.08320962, 0.05643509, 0.04162457, 0.05774016, 0.01264546, 0.07120559, 0.04181768, 0.06897248, 0.02374874, 0.05757401, 0.09631686, 0.05918172, 0.02093036, 0.03715823, 0.04671653, 0.06584249, 0.05275234, 0.01082598, 0.02847585, 0.06682625},
{0.07608185, 0.05278262, 0.04196594, 0.05352961, 0.01374435, 0.07140559, 0.03763355, 0.06665531, 0.02151221, 0.06595433, 0.09754503, 0.07110640, 0.02146224, 0.04084592, 0.04201686, 0.06235577, 0.05028524, 0.01048512, 0.03207807, 0.07055401},
{0.08314287, 0.05693690, 0.04280258, 0.05486875, 0.01279361, 0.06993419, 0.03903398, 0.07428490, 0.02302545, 0.05768230, 0.09335702, 0.05974347, 0.02500760, 0.03776631, 0.04587490, 0.06386633, 0.05249046, 0.01021589, 0.03067784, 0.06649465},
{0.07694539, 0.05428661, 0.04459736, 0.05715554, 0.01320344, 0.06716176, 0.03941234, 0.07045616, 0.02377425, 0.05899275, 0.09349259, 0.05900533, 0.02186629, 0.04257084, 0.04768692, 0.06766707, 0.05348014, 0.01191921, 0.03083604, 0.06548996},
{0.08307065, 0.05373656, 0.03544157, 0.05255646, 0.01536121, 0.06129497, 0.03837443, 0.06767294, 0.02324903, 0.05756554, 0.09848942, 0.04956696, 0.02245395, 0.04030099, 0.06288423, 0.06825967, 0.05679139, 0.01253053, 0.02977894, 0.07062056},
{0.07952681, 0.05406251, 0.04177484, 0.05217535, 0.01416954, 0.06426403, 0.04020908, 0.06752498, 0.02224338, 0.05839396, 0.09757017, 0.05669446, 0.02163175, 0.03928010, 0.04907510, 0.08034157, 0.05579327, 0.01077907, 0.02887975, 0.06561027},
{0.08517269, 0.05322163, 0.04096072, 0.05382751, 0.01378930, 0.06681850, 0.03933176, 0.07003253, 0.02292782, 0.05828626, 0.09478256, 0.05647693, 0.02258361, 0.03844230, 0.04799620, 0.06785091, 0.05934929, 0.01061541, 0.02957448, 0.06795959},
{0.07882096, 0.05464554, 0.03973556, 0.05630358, 0.01484180, 0.06608925, 0.03926276, 0.07407806, 0.02561064, 0.05280718, 0.09600159, 0.05249889, 0.02208212, 0.04232489, 0.05271380, 0.06404931, 0.05516676, 0.01617771, 0.03223636, 0.06455325},
{0.07439809, 0.05478885, 0.04456288, 0.05794390, 0.01432377, 0.06965973, 0.04065748, 0.06995109, 0.02402705, 0.05945524, 0.09146860, 0.06133010, 0.02107138, 0.03951498, 0.04825568, 0.06514627, 0.05300561, 0.01185628, 0.03358418, 0.06499884},
{0.08444717, 0.05568167, 0.04142963, 0.05807604, 0.01294362, 0.06933145, 0.03778375, 0.08006609, 0.02339837, 0.05527653, 0.09050832, 0.05712867, 0.02092760, 0.03681000, 0.04765956, 0.06519008, 0.05496737, 0.01011507, 0.02858317, 0.06967584}
},{
{0.09886165, 0.05632918, 0.03634266, 0.05482690, 0.01217224, 0.06625623, 0.03962721, 0.07634348, 0.02223205, 0.05606475, 0.09768724, 0.05320190, 0.02165994, 0.03645798, 0.04807823, 0.06212278, 0.05296067, 0.01061977, 0.02631336, 0.07184178},
{0.08413436, 0.06730945, 0.03736418, 0.05632513, 0.01347287, 0.06985666, 0.04142711, 0.07391773, 0.02295561, 0.05548690, 0.09523923, 0.05668736, 0.02088490, 0.03618749, 0.04808029, 0.06210687, 0.04949109, 0.01134105, 0.02837856, 0.06935315},
{0.07383409, 0.04939622, 0.05437913, 0.05617796, 0.01432872, 0.06736583, 0.03936553, 0.06540005, 0.02243940, 0.06418242, 0.09472329, 0.06141511, 0.02170567, 0.04002626, 0.04279104, 0.06888935, 0.05386694, 0.01087505, 0.03156260, 0.06727535},
{0.08371430, 0.05702524, 0.04141874, 0.06293245, 0.01322729, 0.07348953, 0.03855970, 0.06646544, 0.02267888, 0.05998047, 0.09235757, 0.05950339, 0.02096665, 0.03816172, 0.04393977, 0.06476441, 0.05295363, 0.01070135, 0.02927751, 0.06788196},
{0.07260647, 0.05439197, 0.04030129, 0.05075674, 0.03171372, 0.05778311, 0.03659721, 0.07164026, 0.02662095, 0.05486999, 0.09477306, 0.05388500, 0.02216502, 0.04651791, 0.04919867, 0.06921142, 0.05299820, 0.01270121, 0.03408075, 0.06718707},
{0.08149555, 0.06056251, 0.04086786, 0.06101544, 0.01212527, 0.08773212, 0.04333391, 0.06377056, 0.02124191, 0.05679352, 0.08885345, 0.06867846, 0.01994864, 0.03548505, 0.04423649, 0.06267727, 0.04947660, 0.00955839, 0.02681479, 0.06533220},
{0.08141397, 0.05705245, 0.04240427, 0.05557562, 0.01292200, 0.07128105, 0.05506274, 0.06580610, 0.02330275, 0.05538434, 0.09320165, 0.05903555, 0.02147047, 0.03580325, 0.04739029, 0.06644805, 0.05218697, 0.01071583, 0.02839006, 0.06515259},
{0.09119584, 0.05373434, 0.03749220, 0.05422561, 0.01426976, 0.06241057, 0.03522106, 0.08238411, 0.02264815, 0.05858935, 0.09241942, 0.04995925, 0.02222320, 0.03832266, 0.04892130, 0.06678423, 0.05654551, 0.01110457, 0.02819744, 0.07335144},
{0.08170263, 0.05719165, 0.04029836, 0.05582617, 0.01459259, 0.06655803, 0.04141041, 0.07025068, 0.02758614, 0.05713610, 0.09663115, 0.05439521, 0.02289042, 0.03895463, 0.04849383, 0.06392660, 0.05165197, 0.01148504, 0.03063742, 0.06838095},
{0.07673074, 0.05156793, 0.04340310, 0.05442217, 0.01283971, 0.06577221, 0.03529235, 0.07531839, 0.02275616, 0.06695197, 0.09773656, 0.06120683, 0.02237030, 0.04037416, 0.04477552, 0.06431975, 0.05407588, 0.01021989, 0.03136494, 0.06850145},
{0.08196398, 0.05493772, 0.03885257, 0.05245692, 0.01362838, 0.06527979, 0.03892916, 0.06943308, 0.02442910, 0.06050700, 0.10709651, 0.05457511, 0.02167712, 0.04082307, 0.04614269, 0.06390979, 0.05218843, 0.01136284, 0.03094323, 0.07086352},
{0.07398050, 0.05374029, 0.04506822, 0.05794749, 0.01362533, 0.07667929, 0.03923850, 0.06574528, 0.02082508, 0.06275130, 0.09046088, 0.07562839, 0.01991993, 0.03832994, 0.04330933, 0.06440744, 0.05119188, 0.00986342, 0.02940463, 0.06788288},
{0.08160149, 0.05281728, 0.04012960, 0.05271502, 0.01386362, 0.06647714, 0.03861198, 0.07287909, 0.02426152, 0.06061115, 0.10204015, 0.05485416, 0.02637472, 0.04049423, 0.04640884, 0.06259367, 0.05348743, 0.01030886, 0.03034623, 0.06912381},
{0.07704490, 0.05078420, 0.04159324, 0.05309806, 0.01496058, 0.06426071, 0.03667536, 0.06929102, 0.02361570, 0.06206655, 0.10213502, 0.05738892, 0.02291569, 0.04487629, 0.04628094, 0.06428798, 0.05262472, 0.01240397, 0.03434318, 0.06935296},
{0.08379672, 0.05494266, 0.03614551, 0.05240347, 0.01475094, 0.06482077, 0.04120937, 0.07285681, 0.02301930, 0.05677513, 0.09495936, 0.05200172, 0.02152040, 0.03697235, 0.06055675, 0.06856522, 0.05488798, 0.01231859, 0.02839260, 0.06910436},
{0.07945414, 0.05391447, 0.04193142, 0.05318952, 0.01418037, 0.06397354, 0.03972104, 0.06640228, 0.02211439, 0.05945472, 0.09772091, 0.05513500, 0.02140896, 0.03927407, 0.04895802, 0.07906637, 0.05585688, 0.01090862, 0.02931545, 0.06801984},
{0.08647651, 0.05273775, 0.04115054, 0.05319344, 0.01429137, 0.06497744, 0.03859179, 0.07089466, 0.02306548, 0.05852172, 0.09792631, 0.05513407, 0.02275043, 0.03849603, 0.04693857, 0.06797679, 0.05852243, 0.01088618, 0.02974240, 0.06772609},
{0.08130141, 0.05359469, 0.03896466, 0.05234282, 0.01833474, 0.06296025, 0.03747457, 0.07074428, 0.02365161, 0.05754453, 0.10225702, 0.05362830, 0.02314948, 0.04200463, 0.04893514, 0.06123738, 0.04977285, 0.01861892, 0.03446820, 0.06901450},
{0.07312068, 0.05279085, 0.04451137, 0.05549892, 0.01441757, 0.06698902, 0.03838780, 0.07012339, 0.02370527, 0.06137609, 0.09620616, 0.06064404, 0.02272773, 0.04129230, 0.04659801, 0.06395811, 0.05283238, 0.01251045, 0.03590776, 0.06640213},
{0.08438333, 0.05473526, 0.03981690, 0.05443733, 0.01289405, 0.06555670, 0.03668047, 0.07995615, 0.02302546, 0.05878701, 0.09613826, 0.05663871, 0.02248737, 0.03836724, 0.04911635, 0.06173009, 0.05457220, 0.01047013, 0.02869588, 0.07151112}
},{
{0.09829266, 0.05638029, 0.03640507, 0.05393055, 0.01280536, 0.06709356, 0.03880541, 0.07501904, 0.02267729, 0.05702353, 0.09773566, 0.05350240, 0.02135422, 0.03664433, 0.04761007, 0.06161683, 0.05204441, 0.01081670, 0.02707517, 0.07316746},
{0.08525940, 0.06645133, 0.03746530, 0.05591959, 0.01358028, 0.07034598, 0.04134550, 0.06947511, 0.02332212, 0.05488854, 0.09656512, 0.05599615, 0.02173397, 0.03671019, 0.04718080, 0.06320172, 0.05150676, 0.01072671, 0.02866921, 0.06965622},
{0.07480212, 0.05126615, 0.05452704, 0.05576952, 0.01492462, 0.06666398, 0.03908730, 0.06531111, 0.02229163, 0.06313011, 0.09465032, 0.06085327, 0.02189384, 0.03934413, 0.04394894, 0.06886807, 0.05469550, 0.01074162, 0.03169454, 0.06553617},
{0.08425248, 0.05598396, 0.04070977, 0.06180143, 0.01327762, 0.07283332, 0.03871456, 0.06738162, 0.02291635, 0.05935054, 0.09567802, 0.05727680, 0.02156148, 0.03720026, 0.04387343, 0.06468336, 0.05291346, 0.01064905, 0.02966540, 0.06927709},
{0.07563754, 0.05398060, 0.04149150, 0.05472418, 0.02560953, 0.06169843, 0.03759601, 0.07329571, 0.02600460, 0.05588708, 0.09302153, 0.05507153, 0.02143007, 0.03942895, 0.05107277, 0.07220909, 0.05402480, 0.01209756, 0.03058304, 0.06513549},
{0.08231115, 0.05716208, 0.04022676, 0.05936474, 0.01335108, 0.08347501, 0.04138805, 0.06364156, 0.02231204, 0.05826133, 0.09412682, 0.06414657, 0.02111140, 0.03548554, 0.04318533, 0.06218882, 0.05166846, 0.01006444, 0.02939336, 0.06713545},
{0.08219054, 0.05607450, 0.04157112, 0.05418488, 0.01335375, 0.07051801, 0.05324749, 0.06382076, 0.02293555, 0.05582866, 0.09701299, 0.05898548, 0.02154998, 0.03658483, 0.04714530, 0.06655968, 0.05256173, 0.01105559, 0.02850890, 0.06631026},
{0.08750050, 0.05581335, 0.03849236, 0.05435150, 0.01421178, 0.06386360, 0.03637187, 0.08067285, 0.02279191, 0.05829241, 0.09555514, 0.05180360, 0.02287783, 0.03769875, 0.04935001, 0.06446988, 0.05513770, 0.01167098, 0.02837837, 0.07069563},
{0.08356946, 0.05610145, 0.03850255, 0.05719736, 0.01757454, 0.06551376, 0.04060595, 0.07316031, 0.02733371, 0.05642585, 0.09514545, 0.05597472, 0.02248333, 0.03864867, 0.04770183, 0.06442257, 0.05278298, 0.01091868, 0.03010624, 0.06583059},
{0.07714147, 0.05094920, 0.04395032, 0.05475034, 0.01305005, 0.06653909, 0.03669683, 0.07427947, 0.02287346, 0.06699271, 0.09613348, 0.06139688, 0.02199750, 0.04134950, 0.04512384, 0.06365458, 0.05353425, 0.01045725, 0.03029670, 0.06883306},
{0.08060657, 0.05467028, 0.03934235, 0.05311633, 0.01322084, 0.06697699, 0.03958496, 0.07251387, 0.02300780, 0.06112302, 0.10318031, 0.05612534, 0.02127288, 0.04033313, 0.04746528, 0.06401087, 0.05139497, 0.01112046, 0.02903315, 0.07190059},
{0.07508935, 0.05342935, 0.04398821, 0.05729128, 0.01318526, 0.07557445, 0.03939455, 0.06522168, 0.02124011, 0.06257506, 0.09192223, 0.07437393, 0.02096808, 0.03865591, 0.04303175, 0.06528604, 0.05187226, 0.00978454, 0.03013293, 0.06698303},
{0.08287858, 0.05440547, 0.04026948, 0.05246964, 0.01274370, 0.06466132, 0.03825505, 0.07393341, 0.02315402, 0.06263565, 0.09736943, 0.05650974, 0.02535064, 0.04102714, 0.04636270, 0.06388469, 0.05217791, 0.01082759, 0.03086937, 0.07021449},
{0.07662753, 0.05186959, 0.04141816, 0.05388032, 0.01402002, 0.06227153, 0.03684917, 0.07116091, 0.02323672, 0.06326214, 0.10065940, 0.05631596, 0.02271058, 0.04642030, 0.04671700, 0.06459825, 0.05330385, 0.01214995, 0.03269488, 0.06983375},
{0.08497572, 0.05550060, 0.03866863, 0.05407444, 0.01432172, 0.06596152, 0.04102585, 0.07202251, 0.02296512, 0.05387395, 0.09266850, 0.05475881, 0.02142906, 0.03773540, 0.05972943, 0.06839113, 0.05514709, 0.01119218, 0.02861726, 0.06694107},
{0.08017829, 0.05349044, 0.04171173, 0.05316467, 0.01459346, 0.06517706, 0.03966613, 0.06777591, 0.02223940, 0.05785268, 0.09730208, 0.05624055, 0.02112794, 0.03897327, 0.04867183, 0.07953230, 0.05530095, 0.01100038, 0.02900317, 0.06699774},
{0.08484585, 0.05420430, 0.04035706, 0.05304771, 0.01353666, 0.06428103, 0.03920199, 0.07200214, 0.02289217, 0.05922185, 0.09651321, 0.05642397, 0.02203390, 0.03876065, 0.04694519, 0.06690872, 0.05825113, 0.01111673, 0.03040614, 0.06904959},
{0.07992090, 0.05746079, 0.03792375, 0.05252475, 0.01581462, 0.06150207, 0.03819267, 0.07197973, 0.02507866, 0.05855330, 0.09970117, 0.05402311, 0.02178484, 0.04277427, 0.05286288, 0.06274486, 0.05039511, 0.01696101, 0.03245233, 0.06734919},
{0.07474696, 0.05443912, 0.04389161, 0.05670598, 0.01444223, 0.06557140, 0.03780889, 0.07187270, 0.02457519, 0.06144542, 0.09337418, 0.05926367, 0.02281001, 0.04233508, 0.04750010, 0.06379538, 0.05275648, 0.01220202, 0.03413588, 0.06632770},
{0.08427601, 0.05490214, 0.03988556, 0.05544369, 0.01301221, 0.06680525, 0.03719250, 0.07923286, 0.02287269, 0.05860067, 0.09526782, 0.05614140, 0.02152949, 0.03814983, 0.04804827, 0.06304144, 0.05365638, 0.01095393, 0.02970754, 0.07128031}
},{
{0.09515504, 0.05703019, 0.03661837, 0.05409128, 0.01245670, 0.06611180, 0.03860313, 0.07622898, 0.02227436, 0.05720613, 0.09800578, 0.05469224, 0.02140740, 0.03644498, 0.04832602, 0.06147636, 0.05296139, 0.01080043, 0.02711789, 0.07299153},
{0.08516588, 0.06488703, 0.03775774, 0.05491271, 0.01365732, 0.06980687, 0.04005944, 0.07148488, 0.02364854, 0.05567358, 0.09677143, 0.05571260, 0.02111992, 0.03703048, 0.04820901, 0.06325167, 0.05117998, 0.01108241, 0.02875373, 0.06983478},
{0.07366783, 0.05019664, 0.05387927, 0.05641464, 0.01421776, 0.06648978, 0.04018105, 0.06743995, 0.02335822, 0.06311787, 0.09563231, 0.06214754, 0.02123023, 0.03894461, 0.04375592, 0.06895813, 0.05478831, 0.01052806, 0.03066044, 0.06439143},
{0.08401424, 0.05682865, 0.04097496, 0.05965102, 0.01350609, 0.07190279, 0.03878996, 0.07087912, 0.02299362, 0.05811312, 0.09492989, 0.05852720, 0.02140515, 0.03756549, 0.04440976, 0.06391290, 0.05260850, 0.01043097, 0.03045346, 0.06810310},
{0.07509776, 0.05723107, 0.04165333, 0.05512759, 0.02745952, 0.06463865, 0.03950329, 0.07105787, 0.02567571, 0.05367714, 0.09256535, 0.05761569, 0.02102191, 0.03833573, 0.04837070, 0.06878692, 0.05276469, 0.01304855, 0.03137420, 0.06499431},
