double a_3[3][20][20]={{
{0.10457819, 0.05655383, 0.03422239, 0.05326927, 0.01274382, 0.06755349, 0.03968967, 0.07527757, 0.02079154, 0.05717562, 0.10313330, 0.05498292, 0.02322022, 0.03592386, 0.04204864, 0.06128214, 0.05098703, 0.01014855, 0.02551691, 0.07090103}
{0.07949943, 0.06974236, 0.03851605, 0.05464575, 0.01311843, 0.07074542, 0.04208285, 0.06582069, 0.02479225, 0.05919841, 0.09869022, 0.05766870, 0.02205581, 0.04092596, 0.04476347, 0.05990889, 0.04766130, 0.01151036, 0.03126370, 0.06738996}
{0.07317329, 0.04866953, 0.05522315, 0.05011839, 0.01410314, 0.06069441, 0.03865175, 0.06975935, 0.02203104, 0.06821889, 0.09437400, 0.05957001, 0.02152747, 0.04084293, 0.05578178, 0.06539128, 0.05090018, 0.01167321, 0.03279356, 0.06650265}
{0.08125455, 0.05065148, 0.03757414, 0.05727339, 0.01310945, 0.07316869, 0.03269544, 0.07067129, 0.02077371, 0.06689347, 0.10000426, 0.05433707, 0.02164768, 0.04372862, 0.04726751, 0.06022989, 0.04867294, 0.01286342, 0.03430087, 0.07288213}
{0.06826241, 0.05664232, 0.04059111, 0.05443447, 0.02313221, 0.05782017, 0.03885726, 0.08877408, 0.02777964, 0.05298539, 0.09246901, 0.05123574, 0.01785579, 0.04084241, 0.05469555, 0.07473323, 0.05108677, 0.01242701, 0.03205464, 0.06332080}
{0.08550643, 0.05919304, 0.04366487, 0.05469716, 0.01137906, 0.08489549, 0.04255605, 0.06138989, 0.02124523, 0.06456939, 0.09730245, 0.07057287, 0.02374154, 0.03478548, 0.03500601, 0.05298292, 0.05050863, 0.01020213, 0.02713143, 0.06866994}
{0.08832335, 0.06051041, 0.03900575, 0.04572549, 0.01258852, 0.06621261, 0.06083451, 0.06365528, 0.02440096, 0.05800808, 0.10164441, 0.05835625, 0.02319499, 0.03554667, 0.04752398, 0.05775228, 0.05003816, 0.01155927, 0.02804334, 0.06707567}
{0.07898048, 0.05672583, 0.03639115, 0.05274287, 0.01439198, 0.06232330, 0.03649280, 0.08099597, 0.02421270, 0.06244932, 0.09187004, 0.06233928, 0.02360696, 0.04172023, 0.03888957, 0.06584128, 0.05469123, 0.01213481, 0.03126195, 0.07193824}
{0.07283344, 0.05746691, 0.03821177, 0.04655007, 0.01682587, 0.05306295, 0.04193224, 0.07581582, 0.03294618, 0.06076942, 0.10315353, 0.04673664, 0.01998094, 0.04470872, 0.06149409, 0.06486554, 0.05202385, 0.01183740, 0.03466080, 0.06412381}
{0.08379558, 0.05257628, 0.04524822, 0.06240175, 0.01474241, 0.06969437, 0.03535402, 0.06953485, 0.02233383, 0.06155107, 0.08958649, 0.05935950, 0.01874369, 0.03711673, 0.04836440, 0.06753973, 0.05679877, 0.00930060, 0.02897725, 0.06698046}
{0.08752248, 0.05767453, 0.04082037, 0.05600165, 0.01367203, 0.06693139, 0.04031966, 0.06841406, 0.02309027, 0.05378276, 0.09852705, 0.05960780, 0.02038847, 0.03733308, 0.05098345, 0.06949118, 0.05447614, 0.01004112, 0.02620003, 0.06472250}
{0.07961733, 0.05689105, 0.04589844, 0.05506477, 0.01145455, 0.07779729, 0.03984335, 0.06214613, 0.02074938, 0.06283922, 0.09196784, 0.07628519, 0.02118778, 0.03236088, 0.04418837, 0.05999836, 0.05434654, 0.00954623, 0.03043375, 0.06738354}
{0.08871874, 0.05456914, 0.04221510, 0.05578611, 0.01221162, 0.06557633, 0.03965392, 0.07353073, 0.02233440, 0.05662040, 0.09667266, 0.05977464, 0.02767990, 0.03524319, 0.04821728, 0.06101980, 0.05375678, 0.00866434, 0.02563805, 0.07211687}
{0.07417095, 0.04923071, 0.04301346, 0.06240587, 0.01691868, 0.06247039, 0.03505442, 0.07508909, 0.02354956, 0.06024952, 0.09555948, 0.05266797, 0.02029449, 0.04338746, 0.04339911, 0.07535882, 0.05595717, 0.01190523, 0.03253424, 0.06678336}
{0.08157877, 0.04857062, 0.03714810, 0.05497947, 0.01230500, 0.07668885, 0.04036981, 0.07631567, 0.02319682, 0.05061367, 0.09098303, 0.04972054, 0.01961060, 0.03911403, 0.05807755, 0.07089899, 0.05432680, 0.01129176, 0.02975277, 0.07445713}
{0.07420878, 0.05350110, 0.04005156, 0.05191560, 0.01465759, 0.05911981, 0.03897271, 0.07683878, 0.02306007, 0.05650048, 0.09760538, 0.05403112, 0.02062286, 0.04100484, 0.05053039, 0.08614200, 0.05518627, 0.01151250, 0.02902676, 0.06551140}
{0.08109186, 0.04976317, 0.03772905, 0.05164722, 0.01430695, 0.05916076, 0.03534203, 0.07767234, 0.02261771, 0.06001930, 0.10222602, 0.05000444, 0.02019969, 0.03945620, 0.05750452, 0.06755037, 0.06032372, 0.01114091, 0.02790549, 0.07433826}
{0.07132780, 0.06049287, 0.04512603, 0.05560959, 0.01540525, 0.05758794, 0.04900734, 0.06398913, 0.02500395, 0.05868713, 0.11174980, 0.05702032, 0.02474172, 0.04240888, 0.03857974, 0.06272397, 0.04966932, 0.01583629, 0.03078346, 0.06424946}
{0.07071696, 0.05847263, 0.04364338, 0.05829987, 0.01647325, 0.06163137, 0.04258682, 0.07490380, 0.02505859, 0.05748680, 0.09735589, 0.05313286, 0.01942669, 0.04479615, 0.04529216, 0.06619132, 0.05253782, 0.01224628, 0.03502569, 0.06472168}
{0.08553810, 0.05352215, 0.03943682, 0.05828422, 0.01432529, 0.06903882, 0.03434408, 0.06651965, 0.02073100, 0.06138468, 0.09617734, 0.05699724, 0.02187136, 0.03756201, 0.04746904, 0.06550285, 0.05786570, 0.01015572, 0.02712718, 0.07614675}
},{
{0.10457514, 0.06007090, 0.03495300, 0.04900272, 0.01299534, 0.06671057, 0.03989884, 0.07480280, 0.02166540, 0.05798771, 0.10103482, 0.05656767, 0.02243840, 0.03543519, 0.04211726, 0.06063169, 0.05059358, 0.00994353, 0.02679914, 0.07177629}
{0.08534774, 0.06945484, 0.03488582, 0.04663110, 0.01345969, 0.06185408, 0.03930162, 0.07419231, 0.02452457, 0.06069535, 0.10889824, 0.05530445, 0.02296214, 0.04004935, 0.04365047, 0.05850824, 0.04783591, 0.01253890, 0.03051028, 0.06939491}
{0.06820809, 0.04847119, 0.05542871, 0.05510633, 0.01321577, 0.06290408, 0.03825387, 0.06034535, 0.02194925, 0.06882271, 0.10138687, 0.06122797, 0.02087729, 0.04200062, 0.04777370, 0.06740999, 0.05695507, 0.01100189, 0.03219249, 0.06646877}
{0.07948083, 0.04916743, 0.03873937, 0.06079169, 0.01294112, 0.06910827, 0.03552014, 0.05885239, 0.02060543, 0.06946883, 0.10606081, 0.05470670, 0.02174944, 0.04114010, 0.04470995, 0.06345383, 0.05091996, 0.01108659, 0.03137539, 0.08012174}
{0.07581414, 0.05445381, 0.04440782, 0.05315867, 0.02506181, 0.06359025, 0.03880587, 0.07254954, 0.02532491, 0.05597736, 0.08768900, 0.05791894, 0.02040256, 0.03979154, 0.05029060, 0.07103013, 0.05185712, 0.01132830, 0.03014247, 0.07040518}
{0.08303809, 0.05272485, 0.03472509, 0.05074872, 0.01347883, 0.07628125, 0.03753772, 0.06684005, 0.01931987, 0.06894154, 0.11232660, 0.05970292, 0.02467907, 0.04141553, 0.03935917, 0.05518276, 0.04796702, 0.01085741, 0.03043391, 0.07443960}
{0.08153508, 0.05632722, 0.03707195, 0.04559173, 0.01298848, 0.06417817, 0.05518360, 0.06446773, 0.02304867, 0.06394249, 0.11438008, 0.05506253, 0.02333718, 0.03914630, 0.04503975, 0.05968615, 0.04775738, 0.01152618, 0.02946235, 0.07026698}
{0.07946152, 0.05412158, 0.03686746, 0.05466896, 0.01424425, 0.05704440, 0.03317379, 0.08507776, 0.02108998, 0.06160321, 0.08938702, 0.05384552, 0.02224024, 0.03784682, 0.05420886, 0.06777018, 0.06031960, 0.01108043, 0.02941191, 0.07653651}
{0.07571000, 0.05500113, 0.04011483, 0.05952147, 0.01464886, 0.06125984, 0.03926080, 0.07273890, 0.03247390, 0.05910403, 0.10312854, 0.05060132, 0.02084035, 0.04127580, 0.04957434, 0.06291572, 0.04962834, 0.01210705, 0.03067196, 0.06942281}
{0.08327558, 0.05634184, 0.04795731, 0.06067577, 0.01306156, 0.07398086, 0.04094207, 0.07361561, 0.02369394, 0.05428209, 0.08199570, 0.06311086, 0.01922369, 0.03665211, 0.04587524, 0.06791891, 0.05623176, 0.00945737, 0.02803534, 0.06367239}
{0.08648866, 0.05911708, 0.04388896, 0.06089170, 0.01329196, 0.07667435, 0.04407143, 0.07101762, 0.02383058, 0.05048850, 0.08988247, 0.06301584, 0.01941493, 0.03512717, 0.04742434, 0.06677261, 0.05080926, 0.01048801, 0.02639434, 0.06091018}
{0.07603999, 0.05331290, 0.04105464, 0.04765942, 0.01287813, 0.06477915, 0.03697349, 0.06777807, 0.02146185, 0.07057034, 0.10543858, 0.07240783, 0.02261409, 0.04212331, 0.03970395, 0.05964038, 0.05118625, 0.01108122, 0.03305921, 0.07023721}
{0.08377650, 0.05814795, 0.04087947, 0.05778577, 0.01351115, 0.07461779, 0.04296623, 0.07161617, 0.02380342, 0.05423629, 0.08928228, 0.06087033, 0.02555766, 0.03955541, 0.04415550, 0.06271114, 0.05138659, 0.01096262, 0.02966125, 0.06451650}
{0.07566899, 0.05503051, 0.04732684, 0.06156972, 0.01460950, 0.06851548, 0.04115962, 0.07390148, 0.02500296, 0.05427568, 0.08569916, 0.06116344, 0.01972814, 0.04005103, 0.04958423, 0.06861393, 0.05417897, 0.01121767, 0.02955845, 0.06314421}
{0.07972318, 0.05070633, 0.03586121, 0.05184092, 0.01417720, 0.06090535, 0.03796968, 0.07379855, 0.02466913, 0.05655862, 0.09366831, 0.04842795, 0.02184471, 0.03952182, 0.06750186, 0.07097150, 0.05894377, 0.01221979, 0.03019780, 0.07049234}
{0.07690159, 0.05152766, 0.04084127, 0.05279191, 0.01434560, 0.06397913, 0.03738945, 0.06892873, 0.02157347, 0.05943785, 0.09973089, 0.05391215, 0.02076022, 0.03991165, 0.05064882, 0.08534207, 0.05560550, 0.01143524, 0.02992372, 0.06501308}
{0.08297037, 0.05337077, 0.04075680, 0.05429265, 0.01335811, 0.07078497, 0.03783165, 0.06748510, 0.02264775, 0.05764975, 0.09434987, 0.05744030, 0.02088670, 0.03803811, 0.04965025, 0.07062897, 0.06400110, 0.01048950, 0.02812621, 0.06524107}
{0.07630399, 0.06038725, 0.04357051, 0.05914797, 0.01591199, 0.06812228, 0.04404664, 0.07174413, 0.02449475, 0.05006864, 0.08862834, 0.06167594, 0.02136567, 0.03902681, 0.05117534, 0.06499225, 0.05229202, 0.01665803, 0.02914537, 0.06124210}
{0.07263843, 0.05605265, 0.04693159, 0.06072208, 0.01651282, 0.06533520, 0.04127887, 0.07112144, 0.02664710, 0.05716715, 0.08975277, 0.06018856, 0.02021455, 0.04022687, 0.04904726, 0.06503312, 0.05352546, 0.01148907, 0.03314977, 0.06296525}
{0.08972562, 0.05554335, 0.04047799, 0.06044912, 0.01394568, 0.07159488, 0.03720996, 0.07640827, 0.02231505, 0.05492788, 0.08740810, 0.05603523, 0.02073336, 0.03715407, 0.04586503, 0.06523491, 0.05424344, 0.00972488, 0.02691098, 0.07409218}
},{
{0.10374609, 0.05826651, 0.03598098, 0.05214119, 0.01263321, 0.06672032, 0.03945197, 0.07340221, 0.02214223, 0.05781296, 0.10050868, 0.05381842, 0.02205866, 0.03601213, 0.04574399, 0.06082231, 0.05153143, 0.01012124, 0.02661707, 0.07046840}
{0.08543856, 0.06900048, 0.03626063, 0.05566030, 0.01228408, 0.07045454, 0.04143907, 0.07250858, 0.02256006, 0.05554644, 0.09861629, 0.05688682, 0.02143661, 0.03810440, 0.04440695, 0.06354160, 0.04956115, 0.01104177, 0.02799771, 0.06725394}
{0.06813009, 0.05180936, 0.05544122, 0.05438105, 0.01299519, 0.06300065, 0.03809873, 0.06320086, 0.02177224, 0.06748582, 0.09760243, 0.06453804, 0.02021258, 0.04160220, 0.04354665, 0.06770164, 0.05512018, 0.01105419, 0.03244023, 0.06986665}
{0.07928559, 0.06080499, 0.04062706, 0.05817864, 0.01209717, 0.06858532, 0.03610157, 0.06656724, 0.02170725, 0.06321804, 0.09319618, 0.06537044, 0.02005776, 0.03861534, 0.04237460, 0.06250783, 0.05655867, 0.01081295, 0.03008967, 0.07324370}
{0.07385258, 0.04727487, 0.04124088, 0.05121262, 0.05388831, 0.05428858, 0.03349352, 0.07508327, 0.02583914, 0.05630810, 0.09637272, 0.04798585, 0.02135069, 0.03945457, 0.05096164, 0.06686571, 0.05421148, 0.01208425, 0.03186671, 0.06636451}
{0.08301267, 0.06770607, 0.03888870, 0.05768635, 0.01147022, 0.08474864, 0.04292853, 0.06305292, 0.02007672, 0.05619241, 0.09042442, 0.07685203, 0.01931924, 0.03514135, 0.04297304, 0.05985975, 0.04873630, 0.00984044, 0.02703342, 0.06405676}
{0.08254929, 0.05844505, 0.04041839, 0.05371450, 0.01258984, 0.07208208, 0.05676372, 0.06390063, 0.02301333, 0.05742429, 0.09793382, 0.05878544, 0.02070815, 0.03676131, 0.04630048, 0.06481771, 0.05037060, 0.01091340, 0.02778457, 0.06472340}
{0.08340015, 0.05171375, 0.03423553, 0.04800085, 0.01409532, 0.05531947, 0.03210212, 0.08509479, 0.02321222, 0.06473453, 0.09530577, 0.04915569, 0.02182899, 0.04159324, 0.05121436, 0.06450101, 0.05738268, 0.01102492, 0.03052359, 0.08556101}
{0.07502731, 0.05794827, 0.04245011, 0.05449048, 0.01562859, 0.06497784, 0.04117440, 0.07025726, 0.03233691, 0.05603619, 0.09372447, 0.05305373, 0.02130660, 0.04026507, 0.04984377, 0.06660463, 0.05515129, 0.01187568, 0.03115667, 0.06669074}
{0.08278591, 0.04766488, 0.04540697, 0.05650107, 0.01366676, 0.06483774, 0.03585566, 0.07767769, 0.02293460, 0.06614794, 0.10049155, 0.05596993, 0.02261724, 0.03992434, 0.04316473, 0.06387887, 0.05357167, 0.01071158, 0.02974075, 0.06645014}
{0.08728704, 0.05397124, 0.03947890, 0.05291428, 0.01409657, 0.06711829, 0.04017949, 0.07052761, 0.02419093, 0.05885509, 0.10979785, 0.05565764, 0.02308726, 0.03934246, 0.04426690, 0.06404735, 0.05004045, 0.01137119, 0.02962497, 0.06414448}
{0.07356174, 0.05393796, 0.04359445, 0.05725349, 0.01138797, 0.08081148, 0.04109867, 0.06568355, 0.02020394, 0.06323864, 0.09368051, 0.07731056, 0.01917525, 0.03841526, 0.04249474, 0.06308477, 0.04933563, 0.00948338, 0.02890071, 0.06734731}
{0.08440973, 0.05331453, 0.04134575, 0.05222173, 0.01354095, 0.06291629, 0.03859061, 0.06885303, 0.02313586, 0.06146258, 0.10163606, 0.05690031, 0.02664409, 0.04055217, 0.04414694, 0.06584150, 0.05412332, 0.01143802, 0.03096818, 0.06795835}
{0.07663004, 0.05083018, 0.04370311, 0.05746847, 0.01397100, 0.06481731, 0.03707369, 0.06981741, 0.02436974, 0.05897703, 0.09996618, 0.05493934, 0.02380922, 0.04520818, 0.04849542, 0.06727176, 0.05289000, 0.01295782, 0.03202698, 0.06477715}
{0.08087705, 0.05605577, 0.03396217, 0.04953869, 0.01449434, 0.06248460, 0.03991386, 0.06616564, 0.02226100, 0.05897447, 0.09342134, 0.05245497, 0.02102087, 0.03792931, 0.06806491, 0.06894013, 0.05773478, 0.01175315, 0.02887976, 0.07507318}
{0.07594613, 0.05247983, 0.04304465, 0.05679940, 0.01377133, 0.06871334, 0.04080752, 0.06809465, 0.02257369, 0.05574104, 0.09226823, 0.05560988, 0.02004226, 0.03837385, 0.05155460, 0.08330771, 0.05648299, 0.01079233, 0.02882512, 0.06477145}
{0.08123760, 0.05254639, 0.04225411, 0.05664632, 0.01357143, 0.06845614, 0.04160861, 0.07263272, 0.02312741, 0.05758919, 0.08966711, 0.05424570, 0.02082659, 0.03775488, 0.05035980, 0.06951257, 0.06067746, 0.01085707, 0.02865904, 0.06776985}
{0.07744318, 0.05717074, 0.04313015, 0.05783982, 0.01392955, 0.06549130, 0.03904469, 0.07539735, 0.02446989, 0.04956262, 0.09447555, 0.05302190, 0.02214432, 0.04245297, 0.05349416, 0.06558566, 0.04982997, 0.01668020, 0.03204703, 0.06678895}
{0.07194100, 0.05246993, 0.04511544, 0.05974024, 0.01400693, 0.06731601, 0.03963443, 0.06821128, 0.02376076, 0.05986633, 0.09383291, 0.05853293, 0.02285981, 0.04120048, 0.04929733, 0.06668021, 0.05312242, 0.01157403, 0.03534580, 0.06549173}
{0.08901307, 0.05018804, 0.04021400, 0.05683449, 0.01390089, 0.06418055, 0.03505321, 0.08082080, 0.02289767, 0.05900422, 0.09703122, 0.05210170, 0.02299841, 0.03723539, 0.04673120, 0.06461474, 0.05473292, 0.01071325, 0.02844371, 0.07329052}
}};

double lambda_3[3]={0.333333, 0.333333, 0.333333};


