double a_10[10][20][20]={{
{0.10459285, 0.05652527, 0.03430830, 0.05345449, 0.01278603, 0.06777485, 0.03970816, 0.07547341, 0.02088949, 0.05696529, 0.10295560, 0.05481140, 0.02334889, 0.03596419, 0.04181774, 0.06111021, 0.05091899, 0.01018534, 0.02561228, 0.07079723},
{0.07992006, 0.06942262, 0.03857461, 0.05504200, 0.01317115, 0.07124448, 0.04222990, 0.06610670, 0.02487348, 0.05878121, 0.09865545, 0.05705954, 0.02225273, 0.04098525, 0.04462648, 0.05973612, 0.04737198, 0.01148313, 0.03126939, 0.06719372},
{0.07361938, 0.04863621, 0.05526280, 0.05021602, 0.01417810, 0.06075691, 0.03847977, 0.07036648, 0.02203019, 0.06771225, 0.09424861, 0.05917775, 0.02165174, 0.04074395, 0.05572787, 0.06531605, 0.05067170, 0.01166437, 0.03283120, 0.06670866},
{0.08158963, 0.05062507, 0.03755080, 0.05740973, 0.01313936, 0.07345008, 0.03263764, 0.07103673, 0.02080494, 0.06664905, 0.09973389, 0.05413144, 0.02171080, 0.04360655, 0.04723625, 0.06020684, 0.04852173, 0.01287826, 0.03423034, 0.07285086},
{0.06836544, 0.05668144, 0.04079689, 0.05452343, 0.02290803, 0.05806595, 0.03894706, 0.08874381, 0.02796926, 0.05291410, 0.09205348, 0.05138697, 0.01795883, 0.04069327, 0.05446187, 0.07459745, 0.05116980, 0.01242118, 0.03214993, 0.06319180},
{0.08590376, 0.05916875, 0.04357470, 0.05493194, 0.01144235, 0.08514205, 0.04235096, 0.06171691, 0.02127509, 0.06423032, 0.09714261, 0.07021789, 0.02382310, 0.03467435, 0.03504644, 0.05292740, 0.05030792, 0.01025704, 0.02708309, 0.06878333},
{0.08871599, 0.06040696, 0.03892133, 0.04574325, 0.01263364, 0.06638367, 0.06071772, 0.06401569, 0.02445229, 0.05791766, 0.10137731, 0.05807956, 0.02336376, 0.03556344, 0.04737994, 0.05758850, 0.04974388, 0.01163768, 0.02809259, 0.06726516},
{0.07907234, 0.05659113, 0.03633138, 0.05296221, 0.01442841, 0.06258288, 0.03656728, 0.08092836, 0.02426698, 0.06225838, 0.09179861, 0.06215616, 0.02372420, 0.04170011, 0.03876038, 0.06567790, 0.05455132, 0.01217254, 0.03139173, 0.07207771},
{0.07324020, 0.05746716, 0.03824923, 0.04655799, 0.01689286, 0.05315971, 0.04192243, 0.07618423, 0.03308131, 0.06050821, 0.10304080, 0.04658648, 0.02007747, 0.04470321, 0.06087986, 0.06469131, 0.05188939, 0.01187522, 0.03472538, 0.06426756},
{0.08390090, 0.05231788, 0.04530017, 0.06271197, 0.01485904, 0.07008515, 0.03543494, 0.06981732, 0.02238752, 0.06086692, 0.08910842, 0.05894465, 0.01889801, 0.03697607, 0.04864899, 0.06763491, 0.05676393, 0.00934420, 0.02917103, 0.06682797},
{0.08785450, 0.05782891, 0.04084887, 0.05631650, 0.01369249, 0.06738954, 0.04039093, 0.06871723, 0.02317677, 0.05337276, 0.09766942, 0.05951721, 0.02054054, 0.03708543, 0.05107367, 0.06936570, 0.05421472, 0.01003470, 0.02627981, 0.06463032},
{0.08016265, 0.05656628, 0.04593470, 0.05550495, 0.01152875, 0.07840030, 0.03975350, 0.06264326, 0.02084216, 0.06209220, 0.09197812, 0.07542015, 0.02131733, 0.03228329, 0.04418738, 0.05988961, 0.05404636, 0.00956236, 0.03045686, 0.06742976},
{0.08898963, 0.05451422, 0.04210644, 0.05594979, 0.01228410, 0.06576876, 0.03957604, 0.07374884, 0.02236999, 0.05643964, 0.09665219, 0.05946941, 0.02768328, 0.03528131, 0.04828454, 0.06085927, 0.05346070, 0.00867257, 0.02571265, 0.07217663},
{0.07448504, 0.04925108, 0.04303290, 0.06232855, 0.01693826, 0.06259092, 0.03501420, 0.07546986, 0.02370307, 0.06000671, 0.09507820, 0.05251563, 0.02039559, 0.04334258, 0.04340711, 0.07514268, 0.05586303, 0.01192037, 0.03267158, 0.06684261},
{0.08134766, 0.04825748, 0.03717650, 0.05522193, 0.01228784, 0.07709422, 0.04044795, 0.07666642, 0.02329014, 0.05039741, 0.09060672, 0.04947296, 0.01970808, 0.03910319, 0.05813318, 0.07070175, 0.05419629, 0.01127519, 0.02994431, 0.07467077},
{0.07424235, 0.05339859, 0.04009773, 0.05214786, 0.01467900, 0.05925207, 0.03899121, 0.07726808, 0.02311396, 0.05637394, 0.09736253, 0.05377599, 0.02068679, 0.04093554, 0.05038561, 0.08595060, 0.05511296, 0.01152626, 0.02916333, 0.06553560},
{0.08121791, 0.04974584, 0.03783602, 0.05185458, 0.01441976, 0.05937706, 0.03531705, 0.07816977, 0.02258967, 0.05964532, 0.10171798, 0.04967788, 0.02030522, 0.03940746, 0.05744917, 0.06742475, 0.06020366, 0.01118670, 0.02798763, 0.07446657},
{0.07142406, 0.06053503, 0.04532503, 0.05599017, 0.01549372, 0.05798973, 0.04876733, 0.06420411, 0.02489128, 0.05816296, 0.11102206, 0.05697258, 0.02487342, 0.04225717, 0.03859147, 0.06269237, 0.04973189, 0.01577599, 0.03090927, 0.06439036},
{0.07097462, 0.05827682, 0.04370392, 0.05827304, 0.01647930, 0.06165047, 0.04246022, 0.07547390, 0.02511501, 0.05723920, 0.09707307, 0.05290479, 0.01955940, 0.04468826, 0.04522840, 0.06609935, 0.05248110, 0.01229788, 0.03495824, 0.06506299},
{0.08570753, 0.05350495, 0.03947572, 0.05860449, 0.01433486, 0.06939042, 0.03440628, 0.06668913, 0.02081634, 0.06100896, 0.09566717, 0.05665971, 0.02201735, 0.03749110, 0.04770076, 0.06545825, 0.05769549, 0.01019886, 0.02716378, 0.07600886},
},{
{0.10484819, 0.06005556, 0.03500839, 0.04914330, 0.01305037, 0.06691902, 0.03991239, 0.07516609, 0.02173014, 0.05769065, 0.10091713, 0.05629651, 0.02256152, 0.03546836, 0.04189222, 0.06041599, 0.05040279, 0.00996033, 0.02685933, 0.07170170},
{0.08539829, 0.06927831, 0.03488670, 0.04685949, 0.01342149, 0.06227115, 0.03941809, 0.07455744, 0.02467189, 0.06052129, 0.10862647, 0.05489374, 0.02311165, 0.03990781, 0.04361684, 0.05826822, 0.04763277, 0.01258353, 0.03053593, 0.06953891},
{0.06863649, 0.04825620, 0.05532449, 0.05532032, 0.01332049, 0.06310510, 0.03810300, 0.06089375, 0.02196564, 0.06849889, 0.10106814, 0.06086881, 0.02098777, 0.04183441, 0.04778293, 0.06732323, 0.05670852, 0.01105626, 0.03226049, 0.06668508},
{0.07974299, 0.04905791, 0.03861018, 0.06091548, 0.01298093, 0.06932000, 0.03545354, 0.05899050, 0.02055235, 0.06920458, 0.10603399, 0.05430271, 0.02187450, 0.04113319, 0.04477367, 0.06335252, 0.05083310, 0.01112045, 0.03141787, 0.08032955},
{0.07599068, 0.05444352, 0.04449253, 0.05340472, 0.02494458, 0.06386918, 0.03879920, 0.07275805, 0.02533265, 0.05575683, 0.08731655, 0.05794263, 0.02049154, 0.03959216, 0.05026882, 0.07085136, 0.05188762, 0.01134766, 0.03018331, 0.07032641},
{0.08341075, 0.05256032, 0.03467766, 0.05093976, 0.01350941, 0.07651589, 0.03742754, 0.06729266, 0.01935796, 0.06869097, 0.11231756, 0.05922379, 0.02478797, 0.04139925, 0.03928097, 0.05501741, 0.04773967, 0.01087975, 0.03047246, 0.07449824},
{0.08189253, 0.05636691, 0.03696499, 0.04581490, 0.01306391, 0.06431279, 0.05523096, 0.06508196, 0.02311510, 0.06349494, 0.11425067, 0.05463347, 0.02352772, 0.03910903, 0.04490831, 0.05947925, 0.04741241, 0.01154680, 0.02945177, 0.07034157},
{0.07964562, 0.05396148, 0.03688944, 0.05466630, 0.01425818, 0.05718425, 0.03317140, 0.08504071, 0.02115088, 0.06157158, 0.08926406, 0.05362494, 0.02228828, 0.03777976, 0.05424652, 0.06764478, 0.06035589, 0.01104399, 0.02953640, 0.07667554},
{0.07603298, 0.05502338, 0.04011592, 0.05971833, 0.01462268, 0.06151758, 0.03921178, 0.07319636, 0.03241496, 0.05904984, 0.10250150, 0.05025357, 0.02099871, 0.04124019, 0.04942358, 0.06290809, 0.04943864, 0.01215517, 0.03059184, 0.06958488},
{0.08338938, 0.05647068, 0.04814609, 0.06097328, 0.01309259, 0.07456079, 0.04101030, 0.07367240, 0.02382069, 0.05355356, 0.08120087, 0.06282149, 0.01931871, 0.03659631, 0.04588838, 0.06803026, 0.05621721, 0.00951641, 0.02824590, 0.06347467},
{0.08669103, 0.05912207, 0.04400411, 0.06115246, 0.01328262, 0.07710366, 0.04415983, 0.07134676, 0.02394951, 0.05003464, 0.08905926, 0.06298402, 0.01954865, 0.03501941, 0.04734481, 0.06667648, 0.05072479, 0.01050116, 0.02650749, 0.06078725},
{0.07640277, 0.05318812, 0.04105138, 0.04799181, 0.01299392, 0.06522890, 0.03705070, 0.06824321, 0.02139743, 0.06976257, 0.10528776, 0.07199461, 0.02285905, 0.04202674, 0.03975504, 0.05948630, 0.05077282, 0.01114439, 0.03311705, 0.07024543},
{0.08400486, 0.05820958, 0.04075277, 0.05775632, 0.01353561, 0.07485179, 0.04289123, 0.07186841, 0.02385435, 0.05411064, 0.08914113, 0.06062773, 0.02557011, 0.03959907, 0.04415910, 0.06263955, 0.05113557, 0.01099522, 0.02972699, 0.06456996},
{0.07583472, 0.05486774, 0.04741240, 0.06177675, 0.01467044, 0.06894061, 0.04118924, 0.07410761, 0.02509695, 0.05404716, 0.08538217, 0.06088702, 0.01981230, 0.03989667, 0.04963392, 0.06850511, 0.05398184, 0.01123575, 0.02965490, 0.06306672},
{0.07988485, 0.05032455, 0.03595601, 0.05211581, 0.01417274, 0.06102279, 0.03795705, 0.07412909, 0.02474060, 0.05628706, 0.09340534, 0.04822903, 0.02198600, 0.03952097, 0.06747497, 0.07089322, 0.05886811, 0.01224394, 0.03022743, 0.07056044},
{0.07707778, 0.05125659, 0.04086452, 0.05309526, 0.01445076, 0.06426432, 0.03727785, 0.06950468, 0.02167513, 0.05917115, 0.09950947, 0.05348202, 0.02091510, 0.03978394, 0.05053515, 0.08513905, 0.05540410, 0.01143317, 0.03001771, 0.06514223},
{0.08318465, 0.05324766, 0.04073860, 0.05463978, 0.01348401, 0.07112787, 0.03760680, 0.06805864, 0.02276111, 0.05733983, 0.09398447, 0.05707983, 0.02102371, 0.03795148, 0.04953249, 0.07041738, 0.06364518, 0.01053119, 0.02814754, 0.06549780},
{0.07629429, 0.06026965, 0.04354364, 0.05931726, 0.01592133, 0.06822236, 0.04400270, 0.07177850, 0.02455707, 0.05005013, 0.08822406, 0.06173421, 0.02145902, 0.03904427, 0.05130518, 0.06502486, 0.05219193, 0.01653728, 0.02926112, 0.06126115},
{0.07287025, 0.05615292, 0.04697120, 0.06074954, 0.01661776, 0.06546805, 0.04138922, 0.07112043, 0.02669699, 0.05692674, 0.08964069, 0.06011292, 0.02030500, 0.04012569, 0.04897343, 0.06504946, 0.05345771, 0.01149776, 0.03315595, 0.06271829},
{0.08991357, 0.05563033, 0.04057046, 0.06073701, 0.01395613, 0.07188859, 0.03726633, 0.07649385, 0.02241900, 0.05449427, 0.08700068, 0.05578660, 0.02079974, 0.03712377, 0.04592858, 0.06525239, 0.05415127, 0.00975995, 0.02700351, 0.07382398},
},{
{0.10402097, 0.05809560, 0.03606695, 0.05231293, 0.01264264, 0.06703671, 0.03947842, 0.07353875, 0.02223156, 0.05771245, 0.10042504, 0.05330679, 0.02217454, 0.03606274, 0.04561953, 0.06054463, 0.05137571, 0.01013705, 0.02672092, 0.07049607},
{0.08576966, 0.06880541, 0.03633937, 0.05600288, 0.01231751, 0.07079279, 0.04145984, 0.07268390, 0.02249885, 0.05525090, 0.09837556, 0.05675516, 0.02159329, 0.03793788, 0.04433201, 0.06347998, 0.04951641, 0.01103868, 0.02799383, 0.06705610},
{0.06831056, 0.05182576, 0.05552028, 0.05448491, 0.01309270, 0.06304214, 0.03801003, 0.06359149, 0.02179684, 0.06714982, 0.09757467, 0.06407282, 0.02031735, 0.04162738, 0.04351376, 0.06756102, 0.05502238, 0.01101777, 0.03254665, 0.06992167},
{0.07924406, 0.06081346, 0.04052714, 0.05828263, 0.01213507, 0.06865127, 0.03600651, 0.06685213, 0.02174826, 0.06320649, 0.09317317, 0.06505086, 0.02012215, 0.03860760, 0.04233619, 0.06239049, 0.05641496, 0.01082067, 0.03017716, 0.07343973},
{0.07403929, 0.04726863, 0.04129117, 0.05134742, 0.05355929, 0.05449428, 0.03356074, 0.07522400, 0.02591444, 0.05622125, 0.09615486, 0.04802504, 0.02142647, 0.03948772, 0.05098146, 0.06675475, 0.05396311, 0.01211247, 0.03190375, 0.06626985},
{0.08314234, 0.06779070, 0.03879381, 0.05785953, 0.01146506, 0.08490465, 0.04283260, 0.06331054, 0.02006436, 0.05607106, 0.09032036, 0.07670182, 0.01939246, 0.03509606, 0.04291077, 0.05981106, 0.04858543, 0.00984074, 0.02704293, 0.06406374},
{0.08289071, 0.05818304, 0.04032452, 0.05388887, 0.01265435, 0.07236295, 0.05686509, 0.06426524, 0.02300530, 0.05707821, 0.09766209, 0.05854393, 0.02082816, 0.03673450, 0.04621094, 0.06478128, 0.05019935, 0.01093557, 0.02780705, 0.06477886},
{0.08343504, 0.05166715, 0.03423937, 0.04810982, 0.01406269, 0.05540267, 0.03212797, 0.08497718, 0.02324584, 0.06470585, 0.09523671, 0.04901275, 0.02191061, 0.04161296, 0.05119489, 0.06438958, 0.05741884, 0.01099752, 0.03061714, 0.08563539},
{0.07491776, 0.05800892, 0.04244877, 0.05460741, 0.01571886, 0.06519724, 0.04113367, 0.07034596, 0.03240411, 0.05585022, 0.09363590, 0.05295566, 0.02142573, 0.04025092, 0.04992764, 0.06650423, 0.05512177, 0.01178700, 0.03111566, 0.06664255},
{0.08299672, 0.04768924, 0.04555128, 0.05657184, 0.01371642, 0.06516690, 0.03589486, 0.07775770, 0.02309225, 0.06556489, 0.10008761, 0.05578725, 0.02276109, 0.03987743, 0.04325376, 0.06393884, 0.05333915, 0.01076727, 0.02979089, 0.06639460},
{0.08741598, 0.05398118, 0.03956203, 0.05311642, 0.01410042, 0.06744469, 0.04026000, 0.07064492, 0.02429849, 0.05860728, 0.10921702, 0.05553649, 0.02321516, 0.03916324, 0.04429944, 0.06400918, 0.04994590, 0.01140958, 0.02968291, 0.06408968},
{0.07380621, 0.05383589, 0.04380933, 0.05769272, 0.01147106, 0.08153476, 0.04133166, 0.06607978, 0.02029287, 0.06239075, 0.09309652, 0.07712776, 0.01926577, 0.03813114, 0.04243945, 0.06317489, 0.04916451, 0.00952059, 0.02889157, 0.06694277},
{0.08785206, 0.05248042, 0.04077354, 0.05452069, 0.01435647, 0.06476018, 0.03766140, 0.07311082, 0.02362194, 0.05818026, 0.10062495, 0.05325999, 0.02794732, 0.04028995, 0.04286272, 0.06394956, 0.05222090, 0.01164843, 0.03105603, 0.06882237},
{0.07690061, 0.05090501, 0.04376993, 0.05764534, 0.01399083, 0.06499583, 0.03715281, 0.06996632, 0.02440661, 0.05856407, 0.09949176, 0.05486949, 0.02391856, 0.04500774, 0.04862377, 0.06718078, 0.05265982, 0.01303946, 0.03214940, 0.06476185},
{0.08105145, 0.05570851, 0.03395260, 0.04948626, 0.01453692, 0.06266806, 0.03989104, 0.06646602, 0.02228016, 0.05892979, 0.09307454, 0.05216172, 0.02115990, 0.03793667, 0.06810494, 0.06882839, 0.05766042, 0.01176096, 0.02900419, 0.07533746},
{0.07599917, 0.05230545, 0.04307356, 0.05694618, 0.01379139, 0.06897795, 0.04077294, 0.06855419, 0.02258636, 0.05551358, 0.09202384, 0.05517073, 0.02019159, 0.03840408, 0.05147360, 0.08324025, 0.05630328, 0.01081016, 0.02897808, 0.06488363},
{0.08140418, 0.05233786, 0.04231799, 0.05674881, 0.01362909, 0.06860377, 0.04143211, 0.07330175, 0.02321267, 0.05721811, 0.08923464, 0.05405302, 0.02091394, 0.03775569, 0.05027125, 0.06944812, 0.06051225, 0.01092032, 0.02881467, 0.06786974},
{0.07735577, 0.05711732, 0.04323630, 0.05820475, 0.01382934, 0.06557038, 0.03916339, 0.07565772, 0.02458479, 0.04914155, 0.09384402, 0.05301785, 0.02228239, 0.04251408, 0.05345214, 0.06563125, 0.04994831, 0.01669839, 0.03209003, 0.06666023},
{0.07209743, 0.05260271, 0.04521513, 0.05990634, 0.01406874, 0.06758470, 0.03971602, 0.06838103, 0.02378565, 0.05952764, 0.09337521, 0.05839333, 0.02294898, 0.04114850, 0.04930285, 0.06664840, 0.05279225, 0.01162483, 0.03547877, 0.06540149},
{0.08916094, 0.05003639, 0.04020251, 0.05704184, 0.01387290, 0.06447058, 0.03511316, 0.08083680, 0.02301139, 0.05879744, 0.09676520, 0.05201587, 0.02309191, 0.03713397, 0.04675797, 0.06452018, 0.05468332, 0.01075997, 0.02849233, 0.07323531},
},{
{0.11504261, 0.05688809, 0.03385582, 0.05137241, 0.01246729, 0.06456791, 0.03750552, 0.08129070, 0.02177368, 0.05379909, 0.09705543, 0.05223888, 0.02095146, 0.03522348, 0.04553007, 0.06155051, 0.05076514, 0.01045092, 0.02697318, 0.07069781},
{0.08284467, 0.06804360, 0.03617497, 0.05578138, 0.01290789, 0.07859711, 0.04150566, 0.06873273, 0.02251859, 0.05721775, 0.09652765, 0.05551996, 0.02122859, 0.03599280, 0.04789777, 0.06274344, 0.04964534, 0.01106363, 0.02790137, 0.06715507},
{0.07324035, 0.05100264, 0.05532255, 0.05252322, 0.01330813, 0.06465236, 0.03981457, 0.06178069, 0.02253204, 0.06699010, 0.09256330, 0.06255541, 0.02177207, 0.04102556, 0.04259510, 0.06966800, 0.05548316, 0.01143172, 0.03239956, 0.06933946},
{0.08498106, 0.06026460, 0.04103864, 0.05796827, 0.01288443, 0.07125155, 0.03918968, 0.06143462, 0.02202434, 0.06231945, 0.09384502, 0.06031302, 0.02111256, 0.03992051, 0.04308078, 0.06199162, 0.05161355, 0.01117531, 0.03083632, 0.07275469},
{0.07184034, 0.04907697, 0.04310749, 0.05291998, 0.02839489, 0.05761151, 0.03618081, 0.09190238, 0.02701285, 0.05431886, 0.09537147, 0.04992319, 0.02162589, 0.04744614, 0.04749092, 0.06758971, 0.05149698, 0.01241889, 0.03148201, 0.06278872},
{0.08317403, 0.06566140, 0.04001756, 0.05552411, 0.01114166, 0.08411655, 0.04533192, 0.05826722, 0.02173130, 0.05629351, 0.09275710, 0.07552635, 0.01935240, 0.03508398, 0.04210879, 0.06110925, 0.04984490, 0.01006192, 0.02813628, 0.06475977},
{0.07991891, 0.05571174, 0.04202201, 0.06095573, 0.01187571, 0.07811309, 0.05672601, 0.06154557, 0.02365230, 0.05488669, 0.09552932, 0.05808992, 0.02066733, 0.03607212, 0.04576935, 0.06436351, 0.05130571, 0.01202794, 0.02746096, 0.06330608},
{0.08978670, 0.05597842, 0.03595101, 0.05234548, 0.01385454, 0.05976065, 0.03421510, 0.08446894, 0.02206773, 0.05848917, 0.09271938, 0.04832755, 0.02084179, 0.03964793, 0.04966457, 0.06754355, 0.05669491, 0.01114564, 0.02993172, 0.07656520},
{0.07533601, 0.05424439, 0.03866570, 0.05364044, 0.01439859, 0.06469761, 0.04144512, 0.06680518, 0.03474977, 0.05896219, 0.09907681, 0.05502841, 0.02267983, 0.03906988, 0.04933516, 0.06437362, 0.05385295, 0.01102357, 0.03025121, 0.07236355},
{0.07464729, 0.04980502, 0.04509079, 0.05652461, 0.01471596, 0.06349960, 0.03547908, 0.07396758, 0.02316712, 0.06788024, 0.10222135, 0.05972668, 0.02376765, 0.03996263, 0.04289900, 0.06334426, 0.05506487, 0.00995942, 0.02924672, 0.06903012},
{0.08038721, 0.05237190, 0.03958158, 0.05486295, 0.01460961, 0.06433302, 0.03920797, 0.07822296, 0.02291337, 0.06005968, 0.10744245, 0.05351251, 0.02271707, 0.04037488, 0.04789681, 0.06272908, 0.05045454, 0.01078460, 0.02973200, 0.06780580},
{0.07345033, 0.05135764, 0.04256355, 0.05912900, 0.01304625, 0.08642243, 0.04004427, 0.05958770, 0.02029542, 0.06442266, 0.09154415, 0.07546886, 0.01970129, 0.03785187, 0.04246382, 0.06388750, 0.05186041, 0.01014950, 0.02921647, 0.06753688},
{0.08196403, 0.05211377, 0.04076593, 0.05520799, 0.01397122, 0.06561831, 0.03875410, 0.08163709, 0.02407882, 0.05869669, 0.09879136, 0.05432186, 0.02813503, 0.04104491, 0.04505976, 0.06214991, 0.04979212, 0.01132312, 0.03023056, 0.06634341},
{0.07235328, 0.05001917, 0.04316658, 0.05570134, 0.01686096, 0.06047985, 0.03645215, 0.07315400, 0.02449189, 0.05851225, 0.10099006, 0.05628021, 0.02353102, 0.04799069, 0.04703843, 0.06614905, 0.05381839, 0.01202184, 0.03309527, 0.06789356},
{0.08614350, 0.05685786, 0.03606281, 0.05081463, 0.01272587, 0.06632924, 0.04030335, 0.07194962, 0.02291175, 0.05483883, 0.08806162, 0.05422635, 0.01956506, 0.03703746, 0.06746726, 0.06923061, 0.05543500, 0.01170116, 0.02891408, 0.06942393},
{0.08059846, 0.05413244, 0.04239954, 0.05233719, 0.01352136, 0.06200873, 0.03918374, 0.06747521, 0.02250544, 0.05733395, 0.09399824, 0.05742696, 0.02073562, 0.03915024, 0.05019671, 0.08481911, 0.05644456, 0.01104801, 0.02934927, 0.06533522},
{0.08237395, 0.05224535, 0.04179121, 0.05214098, 0.01381815, 0.06349178, 0.03762691, 0.06643563, 0.02265089, 0.06298775, 0.09860538, 0.05492788, 0.02354051, 0.03812598, 0.04950123, 0.06783700, 0.05955176, 0.01150547, 0.02886031, 0.07198190},
{0.07307126, 0.06094878, 0.04489324, 0.05460698, 0.01767989, 0.06251223, 0.04301274, 0.07863688, 0.02768650, 0.05113064, 0.09050466, 0.05356887, 0.02189325, 0.04191180, 0.04835170, 0.06523173, 0.05414737, 0.01623194, 0.03232130, 0.06165825},
{0.06745976, 0.05429182, 0.04560177, 0.05810497, 0.01619277, 0.06400781, 0.04009957, 0.06918808, 0.02406569, 0.06056991, 0.09547227, 0.06312798, 0.02288123, 0.04013992, 0.04669975, 0.06431568, 0.05297261, 0.01231405, 0.03487372, 0.06762064},
{0.08201878, 0.05229628, 0.04055401, 0.05926176, 0.01479633, 0.06479560, 0.03505566, 0.08024631, 0.02226423, 0.05952074, 0.10008362, 0.05341162, 0.02224786, 0.03691405, 0.04706258, 0.06259890, 0.05570396, 0.00990163, 0.02778003, 0.07348603},
},{
{0.09881140, 0.05661380, 0.03600898, 0.05331309, 0.01240332, 0.06612006, 0.03910581, 0.07592970, 0.02216745, 0.05712634, 0.10146413, 0.05427978, 0.02227546, 0.03621560, 0.04571202, 0.06140511, 0.05140272, 0.01078010, 0.02692669, 0.07193846},
{0.08454131, 0.06672335, 0.03802967, 0.05422737, 0.01372437, 0.07020370, 0.04013228, 0.07165737, 0.02432416, 0.05482174, 0.09892592, 0.05651955, 0.02139654, 0.03657735, 0.04586259, 0.06315903, 0.05158410, 0.01095031, 0.02890345, 0.06773583},
{0.07385526, 0.05011506, 0.05309291, 0.05415638, 0.01414344, 0.06460116, 0.04040496, 0.06027059, 0.02298281, 0.06714833, 0.09735427, 0.06022123, 0.02138446, 0.04196870, 0.04373485, 0.06813032, 0.05475276, 0.01122841, 0.03171001, 0.06874407},
{0.08282524, 0.05603900, 0.03748812, 0.05604506, 0.01388994, 0.07008564, 0.03744693, 0.06504478, 0.02219951, 0.06376382, 0.10101882, 0.05550017, 0.02327265, 0.04015688, 0.04321730, 0.06143205, 0.05316089, 0.01167079, 0.03158222, 0.07416020},
{0.07398142, 0.05475829, 0.04152274, 0.05436062, 0.02976878, 0.06351807, 0.03710974, 0.07629011, 0.02552075, 0.05436980, 0.09004810, 0.05821290, 0.02069171, 0.03677178, 0.05054852, 0.06945131, 0.05436138, 0.01183778, 0.03047915, 0.06639704},
{0.08437245, 0.05526949, 0.03683036, 0.05448587, 0.01367971, 0.07772756, 0.03887403, 0.06128662, 0.02137259, 0.06403086, 0.10664130, 0.06049079, 0.02212098, 0.04042812, 0.04143705, 0.05919902, 0.04920445, 0.01065662, 0.03112558, 0.07076656},
{0.08369177, 0.05566998, 0.03922496, 0.05033561, 0.01303052, 0.06837640, 0.05172213, 0.06298851, 0.02341362, 0.05891679, 0.10367260, 0.05708191, 0.02222413, 0.03871837, 0.04605787, 0.06421337, 0.05168689, 0.01149742, 0.02996707, 0.06751007},
{0.08462146, 0.05395239, 0.03664807, 0.05418980, 0.01444720, 0.06085621, 0.03539214, 0.08097204, 0.02256087, 0.06180451, 0.09636827, 0.04838392, 0.02350881, 0.03977261, 0.04739710, 0.06390053, 0.05554796, 0.01158133, 0.02928736, 0.07880743},
{0.08077381, 0.05533730, 0.03929193, 0.05544414, 0.01440215, 0.06474884, 0.04106795, 0.06842835, 0.03030661, 0.05774372, 0.09459214, 0.05380463, 0.02089854, 0.03832407, 0.05011701, 0.06640086, 0.05713070, 0.01219296, 0.03021575, 0.06877855},
{0.07812119, 0.05251467, 0.04704578, 0.05857370, 0.01301013, 0.06952602, 0.03757115, 0.07919455, 0.02233531, 0.06054959, 0.08875412, 0.06430509, 0.02081814, 0.03881127, 0.04695890, 0.06649299, 0.05316144, 0.00969685, 0.02829921, 0.06425991},
{0.08364285, 0.05672960, 0.04155831, 0.05599179, 0.01327000, 0.06924319, 0.04159201, 0.07418858, 0.02257940, 0.05787775, 0.09520165, 0.05943875, 0.02045961, 0.03809624, 0.04833627, 0.06563631, 0.05173152, 0.01058109, 0.02807940, 0.06576568},
{0.07590105, 0.05418561, 0.04354318, 0.05359771, 0.01306268, 0.07248634, 0.03843455, 0.06249523, 0.02141234, 0.06500191, 0.09696407, 0.07367483, 0.02133658, 0.03915103, 0.04174737, 0.06400294, 0.05177198, 0.01035865, 0.03150967, 0.06936230},
{0.08489382, 0.05573638, 0.04078408, 0.05382841, 0.01320572, 0.06968462, 0.03992253, 0.07715367, 0.02317441, 0.05736738, 0.09370368, 0.05736861, 0.02552418, 0.03949250, 0.04631821, 0.06457881, 0.05170909, 0.01070901, 0.02805958, 0.06678531},
{0.07579179, 0.05273621, 0.04518621, 0.05797861, 0.01421531, 0.06605059, 0.03762406, 0.07374538, 0.02425319, 0.05853265, 0.09335565, 0.05912873, 0.02121823, 0.04345994, 0.04941864, 0.06667300, 0.05348581, 0.01142858, 0.03074914, 0.06496829},
{0.08574304, 0.05510505, 0.03545266, 0.05144721, 0.01395374, 0.06463830, 0.03950825, 0.06906002, 0.02320555, 0.05655963, 0.09487307, 0.05153760, 0.02089436, 0.03715259, 0.06311177, 0.06942157, 0.05504416, 0.01198343, 0.03001120, 0.07129680},
{0.07876726, 0.05315186, 0.04137540, 0.05268231, 0.01467086, 0.06452786, 0.04019030, 0.06575824, 0.02278556, 0.05873680, 0.09898424, 0.05600922, 0.02145422, 0.03888300, 0.04950511, 0.07856888, 0.05631720, 0.01126728, 0.02904416, 0.06732024},
{0.08374724, 0.05439730, 0.04025696, 0.05449656, 0.01354435, 0.06633250, 0.03828984, 0.06979702, 0.02272741, 0.05905410, 0.09699319, 0.05624268, 0.02184916, 0.03826718, 0.04715126, 0.06847815, 0.05926471, 0.01090078, 0.02922742, 0.06898221},
{0.07804457, 0.05499992, 0.04091181, 0.05570640, 0.01540630, 0.06413586, 0.04246017, 0.07679553, 0.02404708, 0.05399217, 0.09601520, 0.05593126, 0.02117665, 0.04191471, 0.05300377, 0.06529254, 0.05244622, 0.01422738, 0.03018397, 0.06330849},
{0.07397872, 0.05470713, 0.04601746, 0.06073961, 0.01527239, 0.06910328, 0.03951092, 0.07377664, 0.02416649, 0.05836934, 0.08967167, 0.06179813, 0.02006354, 0.04068633, 0.04704194, 0.06568656, 0.05191486, 0.01101257, 0.03344476, 0.06303766},
{0.08623328, 0.05613619, 0.04132324, 0.05954554, 0.01299022, 0.06935007, 0.03775196, 0.08390939, 0.02236595, 0.05362559, 0.08852573, 0.05838283, 0.02094929, 0.03599753, 0.04897528, 0.06521285, 0.05335750, 0.01012249, 0.02679467, 0.06845040},
},{
{0.09861149, 0.05735607, 0.03683412, 0.05410710, 0.01215610, 0.06769067, 0.03950062, 0.07486878, 0.02205551, 0.05529958, 0.09803306, 0.05520475, 0.02172652, 0.03618247, 0.04835596, 0.06244437, 0.05275137, 0.01007269, 0.02624674, 0.07050201},
{0.08527426, 0.06498371, 0.03689684, 0.05406786, 0.01371697, 0.06844360, 0.03849257, 0.07316097, 0.02314856, 0.05706204, 0.09807907, 0.05527852, 0.02166976, 0.03766114, 0.04859615, 0.06324644, 0.05069215, 0.01118849, 0.02841342, 0.06992747},
{0.07563027, 0.04865648, 0.05365370, 0.05428493, 0.01405481, 0.06473031, 0.03877745, 0.06447977, 0.02200425, 0.06653770, 0.09683344, 0.06099137, 0.02133241, 0.04174364, 0.04295453, 0.06749048, 0.05357184, 0.01083665, 0.03193171, 0.06950428},
{0.08118164, 0.05650179, 0.03878412, 0.05972399, 0.01388653, 0.06948425, 0.03822562, 0.06786227, 0.02187686, 0.06336030, 0.09986576, 0.05625431, 0.02133521, 0.04030194, 0.04386307, 0.06174410, 0.05170998, 0.01123274, 0.03102828, 0.07177725},
{0.07810003, 0.05450345, 0.04175700, 0.05438624, 0.03030476, 0.06411796, 0.03789847, 0.07550738, 0.02446948, 0.05071923, 0.08792061, 0.05526106, 0.02085111, 0.03893377, 0.05318357, 0.07030447, 0.05411315, 0.01236190, 0.03195097, 0.06335537},
{0.08145126, 0.05636891, 0.03810670, 0.05490703, 0.01328163, 0.07680489, 0.03902519, 0.06635191, 0.02140376, 0.06337856, 0.10403376, 0.06163183, 0.02193061, 0.03872342, 0.04299467, 0.05971070, 0.04907502, 0.01057394, 0.02888496, 0.07136124},
{0.08227730, 0.05652408, 0.03935853, 0.05083921, 0.01382866, 0.06687399, 0.05187046, 0.06680716, 0.02364527, 0.05882056, 0.10395809, 0.05660059, 0.02172194, 0.03808295, 0.04719923, 0.06314365, 0.05105665, 0.01156351, 0.02914363, 0.06668452},
{0.08743934, 0.05365308, 0.03600993, 0.05355546, 0.01530065, 0.06176544, 0.03589474, 0.08370917, 0.02255802, 0.06086020, 0.09471754, 0.05205994, 0.02288922, 0.03799551, 0.04630342, 0.06411425, 0.05465632, 0.01170673, 0.02885745, 0.07595359},
{0.07908920, 0.05598116, 0.04117799, 0.05299879, 0.01622356, 0.06474634, 0.03983132, 0.07095308, 0.02826432, 0.05890444, 0.09741342, 0.05279876, 0.02218715, 0.03999704, 0.04848014, 0.06510700, 0.05283306, 0.01203636, 0.03197473, 0.06900215},
{0.07905941, 0.05317498, 0.04586436, 0.05779775, 0.01230255, 0.07104764, 0.03825622, 0.07358292, 0.02322336, 0.06113755, 0.09196772, 0.06384836, 0.02086707, 0.03861801, 0.04433333, 0.06522762, 0.05343890, 0.00994732, 0.02951226, 0.06679268},
{0.08368568, 0.05632072, 0.04139495, 0.05722871, 0.01279450, 0.07078788, 0.04165384, 0.06908735, 0.02367851, 0.05756973, 0.09714886, 0.05891844, 0.02084601, 0.03725001, 0.04656590, 0.06614959, 0.05283633, 0.01081824, 0.02823919, 0.06702557},
{0.07625032, 0.05314273, 0.04197561, 0.05331345, 0.01369179, 0.07111374, 0.03758678, 0.06677535, 0.02145665, 0.06604997, 0.09759211, 0.07139812, 0.02134815, 0.04084272, 0.04201371, 0.06246926, 0.05016924, 0.01043337, 0.03189021, 0.07048674},
{0.08327060, 0.05685684, 0.04273712, 0.05486523, 0.01278748, 0.06996714, 0.03910590, 0.07410552, 0.02305757, 0.05756205, 0.09352059, 0.05966617, 0.02506903, 0.03772513, 0.04593129, 0.06410409, 0.05249441, 0.01022523, 0.03051072, 0.06643789},
{0.07701320, 0.05439509, 0.04434853, 0.05684776, 0.01324693, 0.06692666, 0.03945534, 0.07078276, 0.02372778, 0.05907557, 0.09398715, 0.05885794, 0.02170641, 0.04268572, 0.04756294, 0.06776577, 0.05349608, 0.01187651, 0.03061833, 0.06562351},
{0.08310591, 0.05413109, 0.03553757, 0.05235036, 0.01531504, 0.06115113, 0.03831196, 0.06776282, 0.02315098, 0.05747593, 0.09895017, 0.04954804, 0.02231273, 0.04019335, 0.06280148, 0.06829350, 0.05698324, 0.01251384, 0.02960772, 0.07050313},
{0.07972643, 0.05435704, 0.04157670, 0.05197022, 0.01417114, 0.06404549, 0.04015024, 0.06760679, 0.02220900, 0.05837234, 0.09788237, 0.05666446, 0.02153603, 0.03937222, 0.04911449, 0.08030943, 0.05574307, 0.01080025, 0.02871656, 0.06567575},
{0.08544297, 0.05345970, 0.04078222, 0.05355546, 0.01376324, 0.06669962, 0.03935401, 0.07013302, 0.02288171, 0.05854358, 0.09491663, 0.05649530, 0.02243657, 0.03840671, 0.04801024, 0.06785684, 0.05923638, 0.01061665, 0.02935822, 0.06805094},
{0.07895761, 0.05468324, 0.03950421, 0.05603324, 0.01488339, 0.06608228, 0.03921195, 0.07412664, 0.02561662, 0.05282566, 0.09679406, 0.05230598, 0.02192372, 0.04224630, 0.05270663, 0.06400792, 0.05500599, 0.01616371, 0.03201291, 0.06490792},
{0.07425738, 0.05484643, 0.04440992, 0.05779486, 0.01433048, 0.06957295, 0.04065336, 0.06995693, 0.02394267, 0.05953086, 0.09165085, 0.06138663, 0.02105006, 0.03954700, 0.04847696, 0.06528060, 0.05300687, 0.01186813, 0.03341707, 0.06501999},
{0.08463765, 0.05555127, 0.04119373, 0.05794435, 0.01297797, 0.06911515, 0.03773927, 0.08062871, 0.02329108, 0.05520401, 0.09069767, 0.05723498, 0.02084974, 0.03677457, 0.04758457, 0.06531534, 0.05482668, 0.01013757, 0.02846466, 0.06983103},
},{
{0.09907979, 0.05653182, 0.03621819, 0.05460585, 0.01220080, 0.06605272, 0.03960907, 0.07638253, 0.02215582, 0.05603281, 0.09799376, 0.05322427, 0.02157936, 0.03640488, 0.04810353, 0.06233858, 0.05295746, 0.01063317, 0.02614855, 0.07174704},
{0.08416994, 0.06759081, 0.03722866, 0.05601456, 0.01350511, 0.06944965, 0.04125623, 0.07395774, 0.02299798, 0.05551354, 0.09554569, 0.05692338, 0.02077339, 0.03613332, 0.04825063, 0.06217830, 0.04948851, 0.01142901, 0.02821956, 0.06937397},
{0.07396464, 0.04970424, 0.05422615, 0.05594393, 0.01426060, 0.06738397, 0.03944828, 0.06537806, 0.02235275, 0.06419502, 0.09492623, 0.06163048, 0.02166037, 0.03994597, 0.04285449, 0.06889897, 0.05382932, 0.01084578, 0.03135391, 0.06719684},
{0.08375344, 0.05721236, 0.04141417, 0.06274669, 0.01324810, 0.07355922, 0.03858251, 0.06659293, 0.02261826, 0.05999296, 0.09241571, 0.05963300, 0.02084656, 0.03810629, 0.04392776, 0.06467819, 0.05296589, 0.01067045, 0.02910004, 0.06793550},
{0.07288368, 0.05469708, 0.04020139, 0.05041803, 0.03173532, 0.05760242, 0.03652657, 0.07171587, 0.02652233, 0.05476110, 0.09519483, 0.05372824, 0.02201977, 0.04634525, 0.04927629, 0.06924797, 0.05293654, 0.01272786, 0.03385586, 0.06760360},
{0.08156910, 0.06066100, 0.04086055, 0.06090462, 0.01213109, 0.08775026, 0.04336888, 0.06369907, 0.02122615, 0.05675828, 0.08878104, 0.06878082, 0.01982571, 0.03546233, 0.04434820, 0.06271802, 0.04946815, 0.00959829, 0.02674171, 0.06534674},
{0.08158939, 0.05725453, 0.04227019, 0.05555749, 0.01288428, 0.07119072, 0.05503980, 0.06585211, 0.02329612, 0.05536324, 0.09339782, 0.05927662, 0.02133977, 0.03576703, 0.04724880, 0.06651781, 0.05211690, 0.01069092, 0.02817323, 0.06517324},
{0.09135527, 0.05398440, 0.03746050, 0.05407856, 0.01423430, 0.06237011, 0.03524933, 0.08258492, 0.02255523, 0.05841239, 0.09250104, 0.05007157, 0.02211925, 0.03823476, 0.04894643, 0.06700378, 0.05648962, 0.01104304, 0.02807646, 0.07322907},
{0.08187069, 0.05717812, 0.04040832, 0.05554142, 0.01453284, 0.06641938, 0.04134602, 0.07038389, 0.02748112, 0.05731161, 0.09698895, 0.05433070, 0.02275180, 0.03898067, 0.04849934, 0.06396780, 0.05156161, 0.01151623, 0.03047409, 0.06845540},
{0.07694442, 0.05147413, 0.04321484, 0.05406038, 0.01290399, 0.06549040, 0.03533778, 0.07572217, 0.02272598, 0.06706576, 0.09798330, 0.06100773, 0.02232240, 0.04051534, 0.04462542, 0.06447455, 0.05424686, 0.01016031, 0.03115537, 0.06856887},
{0.08240650, 0.05486479, 0.03855685, 0.05211537, 0.01371418, 0.06489809, 0.03883013, 0.06967623, 0.02426504, 0.06046876, 0.10769367, 0.05436414, 0.02160754, 0.04091435, 0.04612154, 0.06420345, 0.05224121, 0.01132506, 0.03079909, 0.07093401},
{0.07418566, 0.05402987, 0.04499006, 0.05771199, 0.01351179, 0.07629485, 0.03913657, 0.06610975, 0.02085956, 0.06289215, 0.09057774, 0.07587053, 0.01987459, 0.03838764, 0.04330262, 0.06426326, 0.05118122, 0.00987484, 0.02919799, 0.06774734},
{0.08191817, 0.05281891, 0.03994806, 0.05255597, 0.01385391, 0.06630000, 0.03861548, 0.07300314, 0.02420406, 0.06062898, 0.10217893, 0.05500505, 0.02632667, 0.04073343, 0.04631665, 0.06264858, 0.05338819, 0.01027092, 0.03021405, 0.06907088},
{0.07724349, 0.05069968, 0.04133159, 0.05286217, 0.01500095, 0.06415667, 0.03653399, 0.06951115, 0.02353637, 0.06224636, 0.10270326, 0.05733556, 0.02276494, 0.04489046, 0.04617023, 0.06445619, 0.05255843, 0.01234280, 0.03412012, 0.06953557},
{0.08381557, 0.05536502, 0.03595318, 0.05223647, 0.01471739, 0.06461210, 0.04115292, 0.07277882, 0.02305461, 0.05683756, 0.09556286, 0.05201660, 0.02134445, 0.03692423, 0.06051295, 0.06850390, 0.05490652, 0.01230093, 0.02823626, 0.06916764},
{0.07974784, 0.05415780, 0.04177240, 0.05294772, 0.01416223, 0.06370035, 0.03964093, 0.06633867, 0.02215578, 0.05949925, 0.09816559, 0.05521777, 0.02130243, 0.03927767, 0.04890003, 0.07908475, 0.05575283, 0.01087953, 0.02914160, 0.06815484},
{0.08659914, 0.05290868, 0.04108127, 0.05298951, 0.01425679, 0.06467696, 0.03847629, 0.07103256, 0.02304177, 0.05858233, 0.09827248, 0.05530746, 0.02265407, 0.03841993, 0.04690140, 0.06797296, 0.05845965, 0.01086782, 0.02953398, 0.06796496},
{0.08157479, 0.05340029, 0.03874634, 0.05206605, 0.01825646, 0.06274824, 0.03737725, 0.07080452, 0.02357941, 0.05758112, 0.10292852, 0.05382230, 0.02299915, 0.04212769, 0.04881730, 0.06136269, 0.04971116, 0.01860103, 0.03422965, 0.06926605},
{0.07329612, 0.05304717, 0.04436567, 0.05533095, 0.01449070, 0.06667385, 0.03825411, 0.07026051, 0.02374179, 0.06152679, 0.09636369, 0.06073714, 0.02258370, 0.04121265, 0.04647802, 0.06417595, 0.05280316, 0.01244643, 0.03573010, 0.06648152},
{0.08450840, 0.05475593, 0.03970633, 0.05426467, 0.01297233, 0.06521252, 0.03663093, 0.08032187, 0.02297224, 0.05871629, 0.09640502, 0.05664162, 0.02239300, 0.03834593, 0.04891859, 0.06188074, 0.05463941, 0.01048712, 0.02858847, 0.07163859},
},{
{0.09848003, 0.05645125, 0.03628121, 0.05375732, 0.01281401, 0.06688877, 0.03881008, 0.07523752, 0.02263274, 0.05690537, 0.09806273, 0.05347139, 0.02120651, 0.03661761, 0.04765856, 0.06185185, 0.05204651, 0.01081120, 0.02689823, 0.07311711},
{0.08518561, 0.06685610, 0.03732831, 0.05566634, 0.01354998, 0.07000676, 0.04118542, 0.06968572, 0.02340739, 0.05505232, 0.09689630, 0.05609810, 0.02161666, 0.03669886, 0.04712088, 0.06329666, 0.05152995, 0.01068128, 0.02844772, 0.06968965},
{0.07495878, 0.05140253, 0.05428472, 0.05559547, 0.01485665, 0.06650343, 0.03906704, 0.06545712, 0.02220691, 0.06335328, 0.09489255, 0.06099973, 0.02184328, 0.03935208, 0.04382367, 0.06885946, 0.05463492, 0.01078075, 0.03152428, 0.06560335},
{0.08440878, 0.05620584, 0.04054590, 0.06165346, 0.01325876, 0.07288396, 0.03874174, 0.06733069, 0.02286010, 0.05941832, 0.09566826, 0.05731657, 0.02146054, 0.03715024, 0.04401851, 0.06468854, 0.05282289, 0.01067951, 0.02955415, 0.06933324},
{0.07576629, 0.05400718, 0.04126910, 0.05435441, 0.02592085, 0.06139374, 0.03758273, 0.07320716, 0.02582609, 0.05578092, 0.09355395, 0.05493875, 0.02135931, 0.03944625, 0.05103368, 0.07231473, 0.05403174, 0.01210617, 0.03068574, 0.06542120},
{0.08238270, 0.05728560, 0.04020798, 0.05925218, 0.01331481, 0.08345909, 0.04143416, 0.06370784, 0.02235560, 0.05823095, 0.09423224, 0.06409357, 0.02103604, 0.03550743, 0.04324122, 0.06216434, 0.05165240, 0.01008336, 0.02929916, 0.06705933},
{0.08234868, 0.05636730, 0.04157685, 0.05402320, 0.01330203, 0.07041562, 0.05309510, 0.06389071, 0.02284544, 0.05586273, 0.09703512, 0.05925868, 0.02149985, 0.03652988, 0.04708685, 0.06652169, 0.05257388, 0.01102283, 0.02842357, 0.06632000},
{0.08758565, 0.05599213, 0.03837691, 0.05411930, 0.01425049, 0.06370811, 0.03630318, 0.08073832, 0.02271064, 0.05819026, 0.09562239, 0.05191895, 0.02283749, 0.03765004, 0.04937629, 0.06460401, 0.05527566, 0.01164671, 0.02832363, 0.07076985},
{0.08361517, 0.05630493, 0.03860103, 0.05701495, 0.01754841, 0.06526985, 0.04062403, 0.07324690, 0.02755982, 0.05644142, 0.09533072, 0.05592767, 0.02239341, 0.03862559, 0.04755413, 0.06462958, 0.05272170, 0.01085490, 0.02992137, 0.06581441},
{0.07734423, 0.05125213, 0.04380025, 0.05457169, 0.01307960, 0.06615084, 0.03657914, 0.07451453, 0.02274351, 0.06715701, 0.09630153, 0.06169773, 0.02187392, 0.04129930, 0.04497372, 0.06380417, 0.05344239, 0.01045118, 0.03009599, 0.06886715},
{0.08102652, 0.05460385, 0.03911640, 0.05274241, 0.01324892, 0.06664077, 0.03952497, 0.07258942, 0.02294460, 0.06118252, 0.10387648, 0.05604685, 0.02118348, 0.04044044, 0.04736368, 0.06407791, 0.05144843, 0.01112745, 0.02883030, 0.07198459},
{0.07541304, 0.05369779, 0.04379036, 0.05696937, 0.01318682, 0.07509708, 0.03937932, 0.06576389, 0.02120716, 0.06255797, 0.09216232, 0.07448924, 0.02084996, 0.03862131, 0.04291387, 0.06523595, 0.05188941, 0.00975459, 0.02989063, 0.06712992},
{0.08300534, 0.05438569, 0.04010139, 0.05233550, 0.01272260, 0.06455734, 0.03834503, 0.07401270, 0.02310609, 0.06245486, 0.09780513, 0.05661188, 0.02531265, 0.04094753, 0.04631627, 0.06394316, 0.05211899, 0.01080423, 0.03075257, 0.07036105},
{0.07682602, 0.05177022, 0.04143789, 0.05350100, 0.01399730, 0.06204907, 0.03674607, 0.07115046, 0.02327113, 0.06329023, 0.10113163, 0.05633189, 0.02275436, 0.04647514, 0.04660706, 0.06475090, 0.05335653, 0.01210363, 0.03238452, 0.07006495},
{0.08526790, 0.05574535, 0.03851255, 0.05387694, 0.01426351, 0.06573401, 0.04106613, 0.07200507, 0.02283679, 0.05384935, 0.09302272, 0.05480031, 0.02132354, 0.03767096, 0.05984826, 0.06854589, 0.05503012, 0.01121166, 0.02850032, 0.06688863},
{0.08041518, 0.05377961, 0.04157823, 0.05295353, 0.01465092, 0.06495284, 0.03957955, 0.06782320, 0.02219484, 0.05784101, 0.09767911, 0.05630561, 0.02098752, 0.03898060, 0.04867580, 0.07946430, 0.05527795, 0.01098624, 0.02881544, 0.06705852},
{0.08518613, 0.05440411, 0.04031792, 0.05276159, 0.01353073, 0.06398938, 0.03909337, 0.07223056, 0.02293319, 0.05926978, 0.09688137, 0.05633234, 0.02184504, 0.03882451, 0.04691392, 0.06701779, 0.05823120, 0.01105168, 0.03016162, 0.06902378},
{0.08020671, 0.05728213, 0.03772536, 0.05217304, 0.01584314, 0.06119630, 0.03817921, 0.07196618, 0.02501655, 0.05861898, 0.10088092, 0.05379227, 0.02179019, 0.04281750, 0.05275525, 0.06266829, 0.05039977, 0.01696203, 0.03231256, 0.06741362},
{0.07470297, 0.05443782, 0.04380197, 0.05652946, 0.01445863, 0.06546822, 0.03780143, 0.07203194, 0.02450320, 0.06153751, 0.09359927, 0.05931454, 0.02270504, 0.04229675, 0.04746676, 0.06408622, 0.05281801, 0.01220161, 0.03399450, 0.06624416},
{0.08440200, 0.05488221, 0.03967672, 0.05532564, 0.01309448, 0.06672266, 0.03708836, 0.07953446, 0.02276466, 0.05853546, 0.09547325, 0.05621945, 0.02138372, 0.03808956, 0.04806791, 0.06330877, 0.05358685, 0.01092306, 0.02955821, 0.07136256},
},{
{0.09534950, 0.05717109, 0.03645439, 0.05387801, 0.01250093, 0.06586519, 0.03847402, 0.07633146, 0.02218475, 0.05710225, 0.09831118, 0.05475780, 0.02129180, 0.03640588, 0.04846931, 0.06171580, 0.05289737, 0.01083512, 0.02697413, 0.07303002},
{0.08543281, 0.06526962, 0.03766533, 0.05473799, 0.01362598, 0.06944338, 0.04000174, 0.07157296, 0.02352552, 0.05561239, 0.09706234, 0.05587059, 0.02097662, 0.03699374, 0.04825840, 0.06330998, 0.05127598, 0.01104766, 0.02855527, 0.06976168},
{0.07383270, 0.05045466, 0.05354225, 0.05615553, 0.01415470, 0.06633896, 0.04022229, 0.06747398, 0.02332233, 0.06315557, 0.09597211, 0.06237303, 0.02114744, 0.03904991, 0.04366237, 0.06899988, 0.05474613, 0.01050285, 0.03045357, 0.06443975},
{0.08420468, 0.05683399, 0.04081291, 0.05951565, 0.01350041, 0.07195405, 0.03883061, 0.07100081, 0.02293497, 0.05815324, 0.09508547, 0.05859604, 0.02136513, 0.03758170, 0.04445522, 0.06395175, 0.05248190, 0.01040851, 0.03032404, 0.06800892},
{0.07520741, 0.05713691, 0.04147505, 0.05514049, 0.02757121, 0.06443625, 0.03940941, 0.07134260, 0.02559747, 0.05354665, 0.09276111, 0.05749375, 0.02089441, 0.03828354, 0.04849407, 0.06893013, 0.05282991, 0.01304060, 0.03133373, 0.06507532},
